x	y	z	Name	Id	Vertex Index	PType
2305.0000	1500.0000	-453.1792	Tunnel_Well	29	1	0
2304.9240	1499.9864	-454.0473	Tunnel_Well	29	2	0
2304.6985	1499.9731	-454.8891	Tunnel_Well	29	3	0
2304.3301	1499.9607	-455.6789	Tunnel_Well	29	4	0
2303.8302	1499.9495	-456.3927	Tunnel_Well	29	5	0
2303.2139	1499.9398	-457.0089	Tunnel_Well	29	6	0
2302.5000	1499.9320	-457.5088	Tunnel_Well	29	7	0
2301.7101	1499.9262	-457.8771	Tunnel_Well	29	8	0
2300.8682	1499.9227	-458.1026	Tunnel_Well	29	9	0
2300.0000	1499.9215	-458.1786	Tunnel_Well	29	10	0
2299.1318	1499.9227	-458.1026	Tunnel_Well	29	11	0
2298.2899	1499.9262	-457.8771	Tunnel_Well	29	12	0
2297.5000	1499.9320	-457.5088	Tunnel_Well	29	13	0
2296.7861	1499.9398	-457.0089	Tunnel_Well	29	14	0
2296.1698	1499.9495	-456.3927	Tunnel_Well	29	15	0
2295.6699	1499.9607	-455.6789	Tunnel_Well	29	16	0
2295.3015	1499.9731	-454.8891	Tunnel_Well	29	17	0
2295.0760	1499.9864	-454.0473	Tunnel_Well	29	18	0
2295.0000	1500.0000	-453.1792	Tunnel_Well	29	19	0
2295.0760	1500.0136	-452.3111	Tunnel_Well	29	20	0
2295.3015	1500.0269	-451.4693	Tunnel_Well	29	21	0
2295.6699	1500.0393	-450.6795	Tunnel_Well	29	22	0
2296.1698	1500.0505	-449.9656	Tunnel_Well	29	23	0
2296.7861	1500.0602	-449.3494	Tunnel_Well	29	24	0
2297.5000	1500.0680	-448.8496	Tunnel_Well	29	25	0
2298.2899	1500.0738	-448.4813	Tunnel_Well	29	26	0
2299.1318	1500.0773	-448.2558	Tunnel_Well	29	27	0
2300.0000	1500.0785	-448.1798	Tunnel_Well	29	28	0
2300.8682	1500.0773	-448.2558	Tunnel_Well	29	29	0
2301.7101	1500.0738	-448.4813	Tunnel_Well	29	30	0
2302.5000	1500.0680	-448.8496	Tunnel_Well	29	31	0
2303.2139	1500.0602	-449.3494	Tunnel_Well	29	32	0
2303.8302	1500.0505	-449.9656	Tunnel_Well	29	33	0
2304.3301	1500.0393	-450.6795	Tunnel_Well	29	34	0
2304.6985	1500.0269	-451.4693	Tunnel_Well	29	35	0
2304.9240	1500.0136	-452.3111	Tunnel_Well	29	36	0
2305.0000	1470.0037	-452.7079	Tunnel_Well	29	37	0
2304.9240	1469.9901	-453.5761	Tunnel_Well	29	38	0
2304.6985	1469.9768	-454.4178	Tunnel_Well	29	39	0
2304.3301	1469.9644	-455.2076	Tunnel_Well	29	40	0
2303.8302	1469.9532	-455.9215	Tunnel_Well	29	41	0
2303.2139	1469.9435	-456.5377	Tunnel_Well	29	42	0
2302.5000	1469.9357	-457.0375	Tunnel_Well	29	43	0
2301.7101	1469.9299	-457.4058	Tunnel_Well	29	44	0
2300.8682	1469.9264	-457.6314	Tunnel_Well	29	45	0
2300.0000	1469.9252	-457.7073	Tunnel_Well	29	46	0
2299.1318	1469.9264	-457.6314	Tunnel_Well	29	47	0
2298.2899	1469.9299	-457.4058	Tunnel_Well	29	48	0
2297.5000	1469.9357	-457.0375	Tunnel_Well	29	49	0
2296.7861	1469.9435	-456.5377	Tunnel_Well	29	50	0
2296.1698	1469.9532	-455.9215	Tunnel_Well	29	51	0
2295.6699	1469.9644	-455.2076	Tunnel_Well	29	52	0
2295.3015	1469.9768	-454.4178	Tunnel_Well	29	53	0
2295.0760	1469.9901	-453.5761	Tunnel_Well	29	54	0
2295.0000	1470.0037	-452.7079	Tunnel_Well	29	55	0
2295.0760	1470.0173	-451.8398	Tunnel_Well	29	56	0
2295.3015	1470.0306	-450.9980	Tunnel_Well	29	57	0
2295.6699	1470.0430	-450.2082	Tunnel_Well	29	58	0
2296.1698	1470.0542	-449.4944	Tunnel_Well	29	59	0
2296.7861	1470.0639	-448.8782	Tunnel_Well	29	60	0
2297.5000	1470.0717	-448.3783	Tunnel_Well	29	61	0
2298.2899	1470.0775	-448.0100	Tunnel_Well	29	62	0
2299.1318	1470.0811	-447.7845	Tunnel_Well	29	63	0
2300.0000	1470.0822	-447.7085	Tunnel_Well	29	64	0
2300.8682	1470.0811	-447.7845	Tunnel_Well	29	65	0
2301.7101	1470.0775	-448.0100	Tunnel_Well	29	66	0
2302.5000	1470.0717	-448.3783	Tunnel_Well	29	67	0
2303.2139	1470.0639	-448.8782	Tunnel_Well	29	68	0
2303.8302	1470.0542	-449.4944	Tunnel_Well	29	69	0
2304.3301	1470.0430	-450.2082	Tunnel_Well	29	70	0
2304.6985	1470.0306	-450.9980	Tunnel_Well	29	71	0
2304.9240	1470.0173	-451.8398	Tunnel_Well	29	72	0
2305.0000	1440.0074	-452.2367	Tunnel_Well	29	73	0
2304.9240	1439.9938	-453.1048	Tunnel_Well	29	74	0
2304.6985	1439.9805	-453.9466	Tunnel_Well	29	75	0
2304.3301	1439.9681	-454.7364	Tunnel_Well	29	76	0
2303.8302	1439.9569	-455.4502	Tunnel_Well	29	77	0
2303.2139	1439.9472	-456.0664	Tunnel_Well	29	78	0
2302.5000	1439.9394	-456.5663	Tunnel_Well	29	79	0
2301.7101	1439.9336	-456.9346	Tunnel_Well	29	80	0
2300.8682	1439.9301	-457.1601	Tunnel_Well	29	81	0
2300.0000	1439.9289	-457.2361	Tunnel_Well	29	82	0
2299.1318	1439.9301	-457.1601	Tunnel_Well	29	83	0
2298.2899	1439.9336	-456.9346	Tunnel_Well	29	84	0
2297.5000	1439.9394	-456.5663	Tunnel_Well	29	85	0
2296.7861	1439.9472	-456.0664	Tunnel_Well	29	86	0
2296.1698	1439.9569	-455.4502	Tunnel_Well	29	87	0
2295.6699	1439.9681	-454.7364	Tunnel_Well	29	88	0
2295.3015	1439.9805	-453.9466	Tunnel_Well	29	89	0
2295.0760	1439.9938	-453.1048	Tunnel_Well	29	90	0
2295.0000	1440.0074	-452.2367	Tunnel_Well	29	91	0
2295.0760	1440.0210	-451.3685	Tunnel_Well	29	92	0
2295.3015	1440.0343	-450.5268	Tunnel_Well	29	93	0
2295.6699	1440.0467	-449.7370	Tunnel_Well	29	94	0
2296.1698	1440.0579	-449.0231	Tunnel_Well	29	95	0
2296.7861	1440.0676	-448.4069	Tunnel_Well	29	96	0
2297.5000	1440.0754	-447.9071	Tunnel_Well	29	97	0
2298.2899	1440.0812	-447.5388	Tunnel_Well	29	98	0
2299.1318	1440.0848	-447.3132	Tunnel_Well	29	99	0
2300.0000	1440.0859	-447.2373	Tunnel_Well	29	100	0
2300.8682	1440.0848	-447.3132	Tunnel_Well	29	101	0
2301.7101	1440.0812	-447.5388	Tunnel_Well	29	102	0
2302.5000	1440.0754	-447.9071	Tunnel_Well	29	103	0
2303.2139	1440.0676	-448.4069	Tunnel_Well	29	104	0
2303.8302	1440.0579	-449.0231	Tunnel_Well	29	105	0
2304.3301	1440.0467	-449.7370	Tunnel_Well	29	106	0
2304.6985	1440.0343	-450.5268	Tunnel_Well	29	107	0
2304.9240	1440.0210	-451.3685	Tunnel_Well	29	108	0
2305.0000	1410.0111	-451.7654	Tunnel_Well	29	109	0
2304.9240	1409.9975	-452.6336	Tunnel_Well	29	110	0
2304.6985	1409.9842	-453.4753	Tunnel_Well	29	111	0
2304.3301	1409.9718	-454.2651	Tunnel_Well	29	112	0
2303.8302	1409.9606	-454.9790	Tunnel_Well	29	113	0
2303.2139	1409.9509	-455.5952	Tunnel_Well	29	114	0
2302.5000	1409.9431	-456.0950	Tunnel_Well	29	115	0
2301.7101	1409.9373	-456.4633	Tunnel_Well	29	116	0
2300.8682	1409.9338	-456.6889	Tunnel_Well	29	117	0
2300.0000	1409.9326	-456.7648	Tunnel_Well	29	118	0
2299.1318	1409.9338	-456.6889	Tunnel_Well	29	119	0
2298.2899	1409.9373	-456.4633	Tunnel_Well	29	120	0
2297.5000	1409.9431	-456.0950	Tunnel_Well	29	121	0
2296.7861	1409.9509	-455.5952	Tunnel_Well	29	122	0
2296.1698	1409.9606	-454.9790	Tunnel_Well	29	123	0
2295.6699	1409.9718	-454.2651	Tunnel_Well	29	124	0
2295.3015	1409.9842	-453.4753	Tunnel_Well	29	125	0
2295.0760	1409.9975	-452.6336	Tunnel_Well	29	126	0
2295.0000	1410.0111	-451.7654	Tunnel_Well	29	127	0
2295.0760	1410.0247	-450.8973	Tunnel_Well	29	128	0
2295.3015	1410.0380	-450.0555	Tunnel_Well	29	129	0
2295.6699	1410.0504	-449.2657	Tunnel_Well	29	130	0
2296.1698	1410.0616	-448.5519	Tunnel_Well	29	131	0
2296.7861	1410.0713	-447.9357	Tunnel_Well	29	132	0
2297.5000	1410.0791	-447.4358	Tunnel_Well	29	133	0
2298.2899	1410.0849	-447.0675	Tunnel_Well	29	134	0
2299.1318	1410.0885	-446.8420	Tunnel_Well	29	135	0
2300.0000	1410.0896	-446.7660	Tunnel_Well	29	136	0
2300.8682	1410.0885	-446.8420	Tunnel_Well	29	137	0
2301.7101	1410.0849	-447.0675	Tunnel_Well	29	138	0
2302.5000	1410.0791	-447.4358	Tunnel_Well	29	139	0
2303.2139	1410.0713	-447.9357	Tunnel_Well	29	140	0
2303.8302	1410.0616	-448.5519	Tunnel_Well	29	141	0
2304.3301	1410.0504	-449.2657	Tunnel_Well	29	142	0
2304.6985	1410.0380	-450.0555	Tunnel_Well	29	143	0
2304.9240	1410.0247	-450.8973	Tunnel_Well	29	144	0
2305.0000	1380.0148	-451.2942	Tunnel_Well	29	145	0
2304.9240	1380.0012	-452.1623	Tunnel_Well	29	146	0
2304.6985	1379.9879	-453.0041	Tunnel_Well	29	147	0
2304.3301	1379.9755	-453.7939	Tunnel_Well	29	148	0
2303.8302	1379.9643	-454.5077	Tunnel_Well	29	149	0
2303.2139	1379.9546	-455.1239	Tunnel_Well	29	150	0
2302.5000	1379.9468	-455.6238	Tunnel_Well	29	151	0
2301.7101	1379.9410	-455.9920	Tunnel_Well	29	152	0
2300.8682	1379.9375	-456.2176	Tunnel_Well	29	153	0
2300.0000	1379.9363	-456.2935	Tunnel_Well	29	154	0
2299.1318	1379.9375	-456.2176	Tunnel_Well	29	155	0
2298.2899	1379.9410	-455.9920	Tunnel_Well	29	156	0
2297.5000	1379.9468	-455.6238	Tunnel_Well	29	157	0
2296.7861	1379.9546	-455.1239	Tunnel_Well	29	158	0
2296.1698	1379.9643	-454.5077	Tunnel_Well	29	159	0
2295.6699	1379.9755	-453.7939	Tunnel_Well	29	160	0
2295.3015	1379.9879	-453.0041	Tunnel_Well	29	161	0
2295.0760	1380.0012	-452.1623	Tunnel_Well	29	162	0
2295.0000	1380.0148	-451.2942	Tunnel_Well	29	163	0
2295.0760	1380.0284	-450.4260	Tunnel_Well	29	164	0
2295.3015	1380.0417	-449.5843	Tunnel_Well	29	165	0
2295.6699	1380.0541	-448.7945	Tunnel_Well	29	166	0
2296.1698	1380.0653	-448.0806	Tunnel_Well	29	167	0
2296.7861	1380.0750	-447.4644	Tunnel_Well	29	168	0
2297.5000	1380.0828	-446.9646	Tunnel_Well	29	169	0
2298.2899	1380.0886	-446.5963	Tunnel_Well	29	170	0
2299.1318	1380.0922	-446.3707	Tunnel_Well	29	171	0
2300.0000	1380.0933	-446.2948	Tunnel_Well	29	172	0
2300.8682	1380.0922	-446.3707	Tunnel_Well	29	173	0
2301.7101	1380.0886	-446.5963	Tunnel_Well	29	174	0
2302.5000	1380.0828	-446.9646	Tunnel_Well	29	175	0
2303.2139	1380.0750	-447.4644	Tunnel_Well	29	176	0
2303.8302	1380.0653	-448.0806	Tunnel_Well	29	177	0
2304.3301	1380.0541	-448.7945	Tunnel_Well	29	178	0
2304.6985	1380.0417	-449.5843	Tunnel_Well	29	179	0
2304.9240	1380.0284	-450.4260	Tunnel_Well	29	180	0
2305.0000	1350.0185	-450.8229	Tunnel_Well	29	181	0
2304.9240	1350.0049	-451.6910	Tunnel_Well	29	182	0
2304.6985	1349.9916	-452.5328	Tunnel_Well	29	183	0
2304.3301	1349.9792	-453.3226	Tunnel_Well	29	184	0
2303.8302	1349.9680	-454.0365	Tunnel_Well	29	185	0
2303.2139	1349.9583	-454.6527	Tunnel_Well	29	186	0
2302.5000	1349.9505	-455.1525	Tunnel_Well	29	187	0
2301.7101	1349.9447	-455.5208	Tunnel_Well	29	188	0
2300.8682	1349.9412	-455.7463	Tunnel_Well	29	189	0
2300.0000	1349.9400	-455.8223	Tunnel_Well	29	190	0
2299.1318	1349.9412	-455.7463	Tunnel_Well	29	191	0
2298.2899	1349.9447	-455.5208	Tunnel_Well	29	192	0
2297.5000	1349.9505	-455.1525	Tunnel_Well	29	193	0
2296.7861	1349.9583	-454.6527	Tunnel_Well	29	194	0
2296.1698	1349.9680	-454.0365	Tunnel_Well	29	195	0
2295.6699	1349.9792	-453.3226	Tunnel_Well	29	196	0
2295.3015	1349.9916	-452.5328	Tunnel_Well	29	197	0
2295.0760	1350.0049	-451.6910	Tunnel_Well	29	198	0
2295.0000	1350.0185	-450.8229	Tunnel_Well	29	199	0
2295.0760	1350.0321	-449.9548	Tunnel_Well	29	200	0
2295.3015	1350.0454	-449.1130	Tunnel_Well	29	201	0
2295.6699	1350.0578	-448.3232	Tunnel_Well	29	202	0
2296.1698	1350.0690	-447.6094	Tunnel_Well	29	203	0
2296.7861	1350.0787	-446.9932	Tunnel_Well	29	204	0
2297.5000	1350.0865	-446.4933	Tunnel_Well	29	205	0
2298.2899	1350.0923	-446.1250	Tunnel_Well	29	206	0
2299.1318	1350.0959	-445.8995	Tunnel_Well	29	207	0
2300.0000	1350.0971	-445.8235	Tunnel_Well	29	208	0
2300.8682	1350.0959	-445.8995	Tunnel_Well	29	209	0
2301.7101	1350.0923	-446.1250	Tunnel_Well	29	210	0
2302.5000	1350.0865	-446.4933	Tunnel_Well	29	211	0
2303.2139	1350.0787	-446.9932	Tunnel_Well	29	212	0
2303.8302	1350.0690	-447.6094	Tunnel_Well	29	213	0
2304.3301	1350.0578	-448.3232	Tunnel_Well	29	214	0
2304.6985	1350.0454	-449.1130	Tunnel_Well	29	215	0
2304.9240	1350.0321	-449.9548	Tunnel_Well	29	216	0
2305.0000	1320.0222	-450.3517	Tunnel_Well	29	217	0
2304.9240	1320.0086	-451.2198	Tunnel_Well	29	218	0
2304.6985	1319.9953	-452.0615	Tunnel_Well	29	219	0
2304.3301	1319.9829	-452.8513	Tunnel_Well	29	220	0
2303.8302	1319.9717	-453.5652	Tunnel_Well	29	221	0
2303.2139	1319.9620	-454.1814	Tunnel_Well	29	222	0
2302.5000	1319.9542	-454.6812	Tunnel_Well	29	223	0
2301.7101	1319.9484	-455.0495	Tunnel_Well	29	224	0
2300.8682	1319.9449	-455.2751	Tunnel_Well	29	225	0
2300.0000	1319.9437	-455.3510	Tunnel_Well	29	226	0
2299.1318	1319.9449	-455.2751	Tunnel_Well	29	227	0
2298.2899	1319.9484	-455.0495	Tunnel_Well	29	228	0
2297.5000	1319.9542	-454.6812	Tunnel_Well	29	229	0
2296.7861	1319.9620	-454.1814	Tunnel_Well	29	230	0
2296.1698	1319.9717	-453.5652	Tunnel_Well	29	231	0
2295.6699	1319.9829	-452.8513	Tunnel_Well	29	232	0
2295.3015	1319.9953	-452.0615	Tunnel_Well	29	233	0
2295.0760	1320.0086	-451.2198	Tunnel_Well	29	234	0
2295.0000	1320.0222	-450.3517	Tunnel_Well	29	235	0
2295.0760	1320.0358	-449.4835	Tunnel_Well	29	236	0
2295.3015	1320.0491	-448.6418	Tunnel_Well	29	237	0
2295.6699	1320.0615	-447.8520	Tunnel_Well	29	238	0
2296.1698	1320.0727	-447.1381	Tunnel_Well	29	239	0
2296.7861	1320.0824	-446.5219	Tunnel_Well	29	240	0
2297.5000	1320.0902	-446.0221	Tunnel_Well	29	241	0
2298.2899	1320.0960	-445.6538	Tunnel_Well	29	242	0
2299.1318	1320.0996	-445.4282	Tunnel_Well	29	243	0
2300.0000	1320.1008	-445.3523	Tunnel_Well	29	244	0
2300.8682	1320.0996	-445.4282	Tunnel_Well	29	245	0
2301.7101	1320.0960	-445.6538	Tunnel_Well	29	246	0
2302.5000	1320.0902	-446.0221	Tunnel_Well	29	247	0
2303.2139	1320.0824	-446.5219	Tunnel_Well	29	248	0
2303.8302	1320.0727	-447.1381	Tunnel_Well	29	249	0
2304.3301	1320.0615	-447.8520	Tunnel_Well	29	250	0
2304.6985	1320.0491	-448.6418	Tunnel_Well	29	251	0
2304.9240	1320.0358	-449.4835	Tunnel_Well	29	252	0
2305.0000	1290.0259	-449.8804	Tunnel_Well	29	253	0
2304.9240	1290.0123	-450.7485	Tunnel_Well	29	254	0
2304.6985	1289.9990	-451.5903	Tunnel_Well	29	255	0
2304.3301	1289.9866	-452.3801	Tunnel_Well	29	256	0
2303.8302	1289.9754	-453.0939	Tunnel_Well	29	257	0
2303.2139	1289.9657	-453.7101	Tunnel_Well	29	258	0
2302.5000	1289.9579	-454.2100	Tunnel_Well	29	259	0
2301.7101	1289.9521	-454.5783	Tunnel_Well	29	260	0
2300.8682	1289.9486	-454.8038	Tunnel_Well	29	261	0
2300.0000	1289.9474	-454.8798	Tunnel_Well	29	262	0
2299.1318	1289.9486	-454.8038	Tunnel_Well	29	263	0
2298.2899	1289.9521	-454.5783	Tunnel_Well	29	264	0
2297.5000	1289.9579	-454.2100	Tunnel_Well	29	265	0
2296.7861	1289.9657	-453.7101	Tunnel_Well	29	266	0
2296.1698	1289.9754	-453.0939	Tunnel_Well	29	267	0
2295.6699	1289.9866	-452.3801	Tunnel_Well	29	268	0
2295.3015	1289.9990	-451.5903	Tunnel_Well	29	269	0
2295.0760	1290.0123	-450.7485	Tunnel_Well	29	270	0
2295.0000	1290.0259	-449.8804	Tunnel_Well	29	271	0
2295.0760	1290.0395	-449.0123	Tunnel_Well	29	272	0
2295.3015	1290.0528	-448.1705	Tunnel_Well	29	273	0
2295.6699	1290.0652	-447.3807	Tunnel_Well	29	274	0
2296.1698	1290.0764	-446.6669	Tunnel_Well	29	275	0
2296.7861	1290.0861	-446.0506	Tunnel_Well	29	276	0
2297.5000	1290.0939	-445.5508	Tunnel_Well	29	277	0
2298.2899	1290.0997	-445.1825	Tunnel_Well	29	278	0
2299.1318	1290.1033	-444.9570	Tunnel_Well	29	279	0
2300.0000	1290.1045	-444.8810	Tunnel_Well	29	280	0
2300.8682	1290.1033	-444.9570	Tunnel_Well	29	281	0
2301.7101	1290.0997	-445.1825	Tunnel_Well	29	282	0
2302.5000	1290.0939	-445.5508	Tunnel_Well	29	283	0
2303.2139	1290.0861	-446.0506	Tunnel_Well	29	284	0
2303.8302	1290.0764	-446.6669	Tunnel_Well	29	285	0
2304.3301	1290.0652	-447.3807	Tunnel_Well	29	286	0
2304.6985	1290.0528	-448.1705	Tunnel_Well	29	287	0
2304.9240	1290.0395	-449.0123	Tunnel_Well	29	288	0
2305.0000	1260.0296	-449.4091	Tunnel_Well	29	289	0
2304.9240	1260.0160	-450.2773	Tunnel_Well	29	290	0
2304.6985	1260.0027	-451.1190	Tunnel_Well	29	291	0
2304.3301	1259.9903	-451.9088	Tunnel_Well	29	292	0
2303.8302	1259.9791	-452.6227	Tunnel_Well	29	293	0
2303.2139	1259.9694	-453.2389	Tunnel_Well	29	294	0
2302.5000	1259.9616	-453.7387	Tunnel_Well	29	295	0
2301.7101	1259.9558	-454.1070	Tunnel_Well	29	296	0
2300.8682	1259.9523	-454.3326	Tunnel_Well	29	297	0
2300.0000	1259.9511	-454.4085	Tunnel_Well	29	298	0
2299.1318	1259.9523	-454.3326	Tunnel_Well	29	299	0
2298.2899	1259.9558	-454.1070	Tunnel_Well	29	300	0
2297.5000	1259.9616	-453.7387	Tunnel_Well	29	301	0
2296.7861	1259.9694	-453.2389	Tunnel_Well	29	302	0
2296.1698	1259.9791	-452.6227	Tunnel_Well	29	303	0
2295.6699	1259.9903	-451.9088	Tunnel_Well	29	304	0
2295.3015	1260.0027	-451.1190	Tunnel_Well	29	305	0
2295.0760	1260.0160	-450.2773	Tunnel_Well	29	306	0
2295.0000	1260.0296	-449.4091	Tunnel_Well	29	307	0
2295.0760	1260.0433	-448.5410	Tunnel_Well	29	308	0
2295.3015	1260.0565	-447.6993	Tunnel_Well	29	309	0
2295.6699	1260.0689	-446.9095	Tunnel_Well	29	310	0
2296.1698	1260.0801	-446.1956	Tunnel_Well	29	311	0
2296.7861	1260.0898	-445.5794	Tunnel_Well	29	312	0
2297.5000	1260.0976	-445.0795	Tunnel_Well	29	313	0
2298.2899	1260.1034	-444.7113	Tunnel_Well	29	314	0
2299.1318	1260.1070	-444.4857	Tunnel_Well	29	315	0
2300.0000	1260.1082	-444.4098	Tunnel_Well	29	316	0
2300.8682	1260.1070	-444.4857	Tunnel_Well	29	317	0
2301.7101	1260.1034	-444.7113	Tunnel_Well	29	318	0
2302.5000	1260.0976	-445.0795	Tunnel_Well	29	319	0
2303.2139	1260.0898	-445.5794	Tunnel_Well	29	320	0
2303.8302	1260.0801	-446.1956	Tunnel_Well	29	321	0
2304.3301	1260.0689	-446.9095	Tunnel_Well	29	322	0
2304.6985	1260.0565	-447.6993	Tunnel_Well	29	323	0
2304.9240	1260.0433	-448.5410	Tunnel_Well	29	324	0
2305.0000	1230.0333	-448.9379	Tunnel_Well	29	325	0
2304.9240	1230.0197	-449.8060	Tunnel_Well	29	326	0
2304.6985	1230.0065	-450.6478	Tunnel_Well	29	327	0
2304.3301	1229.9940	-451.4376	Tunnel_Well	29	328	0
2303.8302	1229.9828	-452.1514	Tunnel_Well	29	329	0
2303.2139	1229.9731	-452.7676	Tunnel_Well	29	330	0
2302.5000	1229.9653	-453.2675	Tunnel_Well	29	331	0
2301.7101	1229.9595	-453.6358	Tunnel_Well	29	332	0
2300.8682	1229.9560	-453.8613	Tunnel_Well	29	333	0
2300.0000	1229.9548	-453.9373	Tunnel_Well	29	334	0
2299.1318	1229.9560	-453.8613	Tunnel_Well	29	335	0
2298.2899	1229.9595	-453.6358	Tunnel_Well	29	336	0
2297.5000	1229.9653	-453.2675	Tunnel_Well	29	337	0
2296.7861	1229.9731	-452.7676	Tunnel_Well	29	338	0
2296.1698	1229.9828	-452.1514	Tunnel_Well	29	339	0
2295.6699	1229.9940	-451.4376	Tunnel_Well	29	340	0
2295.3015	1230.0065	-450.6478	Tunnel_Well	29	341	0
2295.0760	1230.0197	-449.8060	Tunnel_Well	29	342	0
2295.0000	1230.0333	-448.9379	Tunnel_Well	29	343	0
2295.0760	1230.0470	-448.0698	Tunnel_Well	29	344	0
2295.3015	1230.0602	-447.2280	Tunnel_Well	29	345	0
2295.6699	1230.0726	-446.4382	Tunnel_Well	29	346	0
2296.1698	1230.0838	-445.7243	Tunnel_Well	29	347	0
2296.7861	1230.0935	-445.1081	Tunnel_Well	29	348	0
2297.5000	1230.1013	-444.6083	Tunnel_Well	29	349	0
2298.2899	1230.1071	-444.2400	Tunnel_Well	29	350	0
2299.1318	1230.1107	-444.0145	Tunnel_Well	29	351	0
2300.0000	1230.1119	-443.9385	Tunnel_Well	29	352	0
2300.8682	1230.1107	-444.0145	Tunnel_Well	29	353	0
2301.7101	1230.1071	-444.2400	Tunnel_Well	29	354	0
2302.5000	1230.1013	-444.6083	Tunnel_Well	29	355	0
2303.2139	1230.0935	-445.1081	Tunnel_Well	29	356	0
2303.8302	1230.0838	-445.7243	Tunnel_Well	29	357	0
2304.3301	1230.0726	-446.4382	Tunnel_Well	29	358	0
2304.6985	1230.0602	-447.2280	Tunnel_Well	29	359	0
2304.9240	1230.0470	-448.0698	Tunnel_Well	29	360	0
2305.0000	1200.0370	-448.4666	Tunnel_Well	29	361	0
2304.9240	1200.0234	-449.3348	Tunnel_Well	29	362	0
2304.6985	1200.0102	-450.1765	Tunnel_Well	29	363	0
2304.3301	1199.9977	-450.9663	Tunnel_Well	29	364	0
2303.8302	1199.9865	-451.6802	Tunnel_Well	29	365	0
2303.2139	1199.9768	-452.2964	Tunnel_Well	29	366	0
2302.5000	1199.9690	-452.7962	Tunnel_Well	29	367	0
2301.7101	1199.9632	-453.1645	Tunnel_Well	29	368	0
2300.8682	1199.9597	-453.3901	Tunnel_Well	29	369	0
2300.0000	1199.9585	-453.4660	Tunnel_Well	29	370	0
2299.1318	1199.9597	-453.3901	Tunnel_Well	29	371	0
2298.2899	1199.9632	-453.1645	Tunnel_Well	29	372	0
2297.5000	1199.9690	-452.7962	Tunnel_Well	29	373	0
2296.7861	1199.9768	-452.2964	Tunnel_Well	29	374	0
2296.1698	1199.9865	-451.6802	Tunnel_Well	29	375	0
2295.6699	1199.9977	-450.9663	Tunnel_Well	29	376	0
2295.3015	1200.0102	-450.1765	Tunnel_Well	29	377	0
2295.0760	1200.0234	-449.3348	Tunnel_Well	29	378	0
2295.0000	1200.0370	-448.4666	Tunnel_Well	29	379	0
2295.0760	1200.0507	-447.5985	Tunnel_Well	29	380	0
2295.3015	1200.0639	-446.7567	Tunnel_Well	29	381	0
2295.6699	1200.0763	-445.9669	Tunnel_Well	29	382	0
2296.1698	1200.0875	-445.2531	Tunnel_Well	29	383	0
2296.7861	1200.0972	-444.6369	Tunnel_Well	29	384	0
2297.5000	1200.1050	-444.1370	Tunnel_Well	29	385	0
2298.2899	1200.1108	-443.7687	Tunnel_Well	29	386	0
2299.1318	1200.1144	-443.5432	Tunnel_Well	29	387	0
2300.0000	1200.1156	-443.4672	Tunnel_Well	29	388	0
2300.8682	1200.1144	-443.5432	Tunnel_Well	29	389	0
2301.7101	1200.1108	-443.7687	Tunnel_Well	29	390	0
2302.5000	1200.1050	-444.1370	Tunnel_Well	29	391	0
2303.2139	1200.0972	-444.6369	Tunnel_Well	29	392	0
2303.8302	1200.0875	-445.2531	Tunnel_Well	29	393	0
2304.3301	1200.0763	-445.9669	Tunnel_Well	29	394	0
2304.6985	1200.0639	-446.7567	Tunnel_Well	29	395	0
2304.9240	1200.0507	-447.5985	Tunnel_Well	29	396	0
2305.0000	1170.0407	-447.9954	Tunnel_Well	29	397	0
2304.9240	1170.0271	-448.8635	Tunnel_Well	29	398	0
2304.6985	1170.0139	-449.7053	Tunnel_Well	29	399	0
2304.3301	1170.0014	-450.4951	Tunnel_Well	29	400	0
2303.8302	1169.9902	-451.2089	Tunnel_Well	29	401	0
2303.2139	1169.9806	-451.8251	Tunnel_Well	29	402	0
2302.5000	1169.9727	-452.3250	Tunnel_Well	29	403	0
2301.7101	1169.9669	-452.6933	Tunnel_Well	29	404	0
2300.8682	1169.9634	-452.9188	Tunnel_Well	29	405	0
2300.0000	1169.9622	-452.9948	Tunnel_Well	29	406	0
2299.1318	1169.9634	-452.9188	Tunnel_Well	29	407	0
2298.2899	1169.9669	-452.6933	Tunnel_Well	29	408	0
2297.5000	1169.9727	-452.3250	Tunnel_Well	29	409	0
2296.7861	1169.9806	-451.8251	Tunnel_Well	29	410	0
2296.1698	1169.9902	-451.2089	Tunnel_Well	29	411	0
2295.6699	1170.0014	-450.4951	Tunnel_Well	29	412	0
2295.3015	1170.0139	-449.7053	Tunnel_Well	29	413	0
2295.0760	1170.0271	-448.8635	Tunnel_Well	29	414	0
2295.0000	1170.0407	-447.9954	Tunnel_Well	29	415	0
2295.0760	1170.0544	-447.1272	Tunnel_Well	29	416	0
2295.3015	1170.0676	-446.2855	Tunnel_Well	29	417	0
2295.6699	1170.0800	-445.4957	Tunnel_Well	29	418	0
2296.1698	1170.0912	-444.7818	Tunnel_Well	29	419	0
2296.7861	1170.1009	-444.1656	Tunnel_Well	29	420	0
2297.5000	1170.1087	-443.6658	Tunnel_Well	29	421	0
2298.2899	1170.1145	-443.2975	Tunnel_Well	29	422	0
2299.1318	1170.1181	-443.0719	Tunnel_Well	29	423	0
2300.0000	1170.1193	-442.9960	Tunnel_Well	29	424	0
2300.8682	1170.1181	-443.0719	Tunnel_Well	29	425	0
2301.7101	1170.1145	-443.2975	Tunnel_Well	29	426	0
2302.5000	1170.1087	-443.6658	Tunnel_Well	29	427	0
2303.2139	1170.1009	-444.1656	Tunnel_Well	29	428	0
2303.8302	1170.0912	-444.7818	Tunnel_Well	29	429	0
2304.3301	1170.0800	-445.4957	Tunnel_Well	29	430	0
2304.6985	1170.0676	-446.2855	Tunnel_Well	29	431	0
2304.9240	1170.0544	-447.1272	Tunnel_Well	29	432	0
2305.0000	1140.0444	-447.5241	Tunnel_Well	29	433	0
2304.9240	1140.0308	-448.3923	Tunnel_Well	29	434	0
2304.6985	1140.0176	-449.2340	Tunnel_Well	29	435	0
2304.3301	1140.0051	-450.0238	Tunnel_Well	29	436	0
2303.8302	1139.9939	-450.7377	Tunnel_Well	29	437	0
2303.2139	1139.9843	-451.3539	Tunnel_Well	29	438	0
2302.5000	1139.9764	-451.8537	Tunnel_Well	29	439	0
2301.7101	1139.9706	-452.2220	Tunnel_Well	29	440	0
2300.8682	1139.9671	-452.4476	Tunnel_Well	29	441	0
2300.0000	1139.9659	-452.5235	Tunnel_Well	29	442	0
2299.1318	1139.9671	-452.4476	Tunnel_Well	29	443	0
2298.2899	1139.9706	-452.2220	Tunnel_Well	29	444	0
2297.5000	1139.9764	-451.8537	Tunnel_Well	29	445	0
2296.7861	1139.9843	-451.3539	Tunnel_Well	29	446	0
2296.1698	1139.9939	-450.7377	Tunnel_Well	29	447	0
2295.6699	1140.0051	-450.0238	Tunnel_Well	29	448	0
2295.3015	1140.0176	-449.2340	Tunnel_Well	29	449	0
2295.0760	1140.0308	-448.3923	Tunnel_Well	29	450	0
2295.0000	1140.0444	-447.5241	Tunnel_Well	29	451	0
2295.0760	1140.0581	-446.6560	Tunnel_Well	29	452	0
2295.3015	1140.0713	-445.8142	Tunnel_Well	29	453	0
2295.6699	1140.0837	-445.0244	Tunnel_Well	29	454	0
2296.1698	1140.0949	-444.3106	Tunnel_Well	29	455	0
2296.7861	1140.1046	-443.6944	Tunnel_Well	29	456	0
2297.5000	1140.1124	-443.1945	Tunnel_Well	29	457	0
2298.2899	1140.1182	-442.8262	Tunnel_Well	29	458	0
2299.1318	1140.1218	-442.6007	Tunnel_Well	29	459	0
2300.0000	1140.1230	-442.5247	Tunnel_Well	29	460	0
2300.8682	1140.1218	-442.6007	Tunnel_Well	29	461	0
2301.7101	1140.1182	-442.8262	Tunnel_Well	29	462	0
2302.5000	1140.1124	-443.1945	Tunnel_Well	29	463	0
2303.2139	1140.1046	-443.6944	Tunnel_Well	29	464	0
2303.8302	1140.0949	-444.3106	Tunnel_Well	29	465	0
2304.3301	1140.0837	-445.0244	Tunnel_Well	29	466	0
2304.6985	1140.0713	-445.8142	Tunnel_Well	29	467	0
2304.9240	1140.0581	-446.6560	Tunnel_Well	29	468	0
2305.0000	1110.0481	-447.0529	Tunnel_Well	29	469	0
2304.9240	1110.0345	-447.9210	Tunnel_Well	29	470	0
2304.6985	1110.0213	-448.7628	Tunnel_Well	29	471	0
2304.3301	1110.0088	-449.5526	Tunnel_Well	29	472	0
2303.8302	1109.9976	-450.2664	Tunnel_Well	29	473	0
2303.2139	1109.9880	-450.8826	Tunnel_Well	29	474	0
2302.5000	1109.9801	-451.3825	Tunnel_Well	29	475	0
2301.7101	1109.9743	-451.7507	Tunnel_Well	29	476	0
2300.8682	1109.9708	-451.9763	Tunnel_Well	29	477	0
2300.0000	1109.9696	-452.0522	Tunnel_Well	29	478	0
2299.1318	1109.9708	-451.9763	Tunnel_Well	29	479	0
2298.2899	1109.9743	-451.7507	Tunnel_Well	29	480	0
2297.5000	1109.9801	-451.3825	Tunnel_Well	29	481	0
2296.7861	1109.9880	-450.8826	Tunnel_Well	29	482	0
2296.1698	1109.9976	-450.2664	Tunnel_Well	29	483	0
2295.6699	1110.0088	-449.5526	Tunnel_Well	29	484	0
2295.3015	1110.0213	-448.7628	Tunnel_Well	29	485	0
2295.0760	1110.0345	-447.9210	Tunnel_Well	29	486	0
2295.0000	1110.0481	-447.0529	Tunnel_Well	29	487	0
2295.0760	1110.0618	-446.1847	Tunnel_Well	29	488	0
2295.3015	1110.0750	-445.3430	Tunnel_Well	29	489	0
2295.6699	1110.0874	-444.5532	Tunnel_Well	29	490	0
2296.1698	1110.0986	-443.8393	Tunnel_Well	29	491	0
2296.7861	1110.1083	-443.2231	Tunnel_Well	29	492	0
2297.5000	1110.1161	-442.7233	Tunnel_Well	29	493	0
2298.2899	1110.1219	-442.3550	Tunnel_Well	29	494	0
2299.1318	1110.1255	-442.1294	Tunnel_Well	29	495	0
2300.0000	1110.1267	-442.0535	Tunnel_Well	29	496	0
2300.8682	1110.1255	-442.1294	Tunnel_Well	29	497	0
2301.7101	1110.1219	-442.3550	Tunnel_Well	29	498	0
2302.5000	1110.1161	-442.7233	Tunnel_Well	29	499	0
2303.2139	1110.1083	-443.2231	Tunnel_Well	29	500	0
2303.8302	1110.0986	-443.8393	Tunnel_Well	29	501	0
2304.3301	1110.0874	-444.5532	Tunnel_Well	29	502	0
2304.6985	1110.0750	-445.3430	Tunnel_Well	29	503	0
2304.9240	1110.0618	-446.1847	Tunnel_Well	29	504	0
2305.0000	1080.0518	-446.5816	Tunnel_Well	29	505	0
2304.9240	1080.0382	-447.4497	Tunnel_Well	29	506	0
2304.6985	1080.0250	-448.2915	Tunnel_Well	29	507	0
2304.3301	1080.0126	-449.0813	Tunnel_Well	29	508	0
2303.8302	1080.0013	-449.7951	Tunnel_Well	29	509	0
2303.2139	1079.9917	-450.4114	Tunnel_Well	29	510	0
2302.5000	1079.9838	-450.9112	Tunnel_Well	29	511	0
2301.7101	1079.9780	-451.2795	Tunnel_Well	29	512	0
2300.8682	1079.9745	-451.5050	Tunnel_Well	29	513	0
2300.0000	1079.9733	-451.5810	Tunnel_Well	29	514	0
2299.1318	1079.9745	-451.5050	Tunnel_Well	29	515	0
2298.2899	1079.9780	-451.2795	Tunnel_Well	29	516	0
2297.5000	1079.9838	-450.9112	Tunnel_Well	29	517	0
2296.7861	1079.9917	-450.4114	Tunnel_Well	29	518	0
2296.1698	1080.0013	-449.7951	Tunnel_Well	29	519	0
2295.6699	1080.0126	-449.0813	Tunnel_Well	29	520	0
2295.3015	1080.0250	-448.2915	Tunnel_Well	29	521	0
2295.0760	1080.0382	-447.4497	Tunnel_Well	29	522	0
2295.0000	1080.0518	-446.5816	Tunnel_Well	29	523	0
2295.0760	1080.0655	-445.7135	Tunnel_Well	29	524	0
2295.3015	1080.0787	-444.8717	Tunnel_Well	29	525	0
2295.6699	1080.0911	-444.0819	Tunnel_Well	29	526	0
2296.1698	1080.1023	-443.3681	Tunnel_Well	29	527	0
2296.7861	1080.1120	-442.7519	Tunnel_Well	29	528	0
2297.5000	1080.1198	-442.2520	Tunnel_Well	29	529	0
2298.2899	1080.1256	-441.8837	Tunnel_Well	29	530	0
2299.1318	1080.1292	-441.6582	Tunnel_Well	29	531	0
2300.0000	1080.1304	-441.5822	Tunnel_Well	29	532	0
2300.8682	1080.1292	-441.6582	Tunnel_Well	29	533	0
2301.7101	1080.1256	-441.8837	Tunnel_Well	29	534	0
2302.5000	1080.1198	-442.2520	Tunnel_Well	29	535	0
2303.2139	1080.1120	-442.7519	Tunnel_Well	29	536	0
2303.8302	1080.1023	-443.3681	Tunnel_Well	29	537	0
2304.3301	1080.0911	-444.0819	Tunnel_Well	29	538	0
2304.6985	1080.0787	-444.8717	Tunnel_Well	29	539	0
2304.9240	1080.0655	-445.7135	Tunnel_Well	29	540	0
2305.0000	1050.0555	-446.1104	Tunnel_Well	29	541	0
2304.9240	1050.0419	-446.9785	Tunnel_Well	29	542	0
2304.6985	1050.0287	-447.8202	Tunnel_Well	29	543	0
2304.3301	1050.0163	-448.6100	Tunnel_Well	29	544	0
2303.8302	1050.0050	-449.3239	Tunnel_Well	29	545	0
2303.2139	1049.9954	-449.9401	Tunnel_Well	29	546	0
2302.5000	1049.9875	-450.4399	Tunnel_Well	29	547	0
2301.7101	1049.9817	-450.8082	Tunnel_Well	29	548	0
2300.8682	1049.9782	-451.0338	Tunnel_Well	29	549	0
2300.0000	1049.9770	-451.1097	Tunnel_Well	29	550	0
2299.1318	1049.9782	-451.0338	Tunnel_Well	29	551	0
2298.2899	1049.9817	-450.8082	Tunnel_Well	29	552	0
2297.5000	1049.9875	-450.4399	Tunnel_Well	29	553	0
2296.7861	1049.9954	-449.9401	Tunnel_Well	29	554	0
2296.1698	1050.0050	-449.3239	Tunnel_Well	29	555	0
2295.6699	1050.0163	-448.6100	Tunnel_Well	29	556	0
2295.3015	1050.0287	-447.8202	Tunnel_Well	29	557	0
2295.0760	1050.0419	-446.9785	Tunnel_Well	29	558	0
2295.0000	1050.0555	-446.1104	Tunnel_Well	29	559	0
2295.0760	1050.0692	-445.2422	Tunnel_Well	29	560	0
2295.3015	1050.0824	-444.4005	Tunnel_Well	29	561	0
2295.6699	1050.0948	-443.6107	Tunnel_Well	29	562	0
2296.1698	1050.1060	-442.8968	Tunnel_Well	29	563	0
2296.7861	1050.1157	-442.2806	Tunnel_Well	29	564	0
2297.5000	1050.1235	-441.7808	Tunnel_Well	29	565	0
2298.2899	1050.1293	-441.4125	Tunnel_Well	29	566	0
2299.1318	1050.1329	-441.1869	Tunnel_Well	29	567	0
2300.0000	1050.1341	-441.1110	Tunnel_Well	29	568	0
2300.8682	1050.1329	-441.1869	Tunnel_Well	29	569	0
2301.7101	1050.1293	-441.4125	Tunnel_Well	29	570	0
2302.5000	1050.1235	-441.7808	Tunnel_Well	29	571	0
2303.2139	1050.1157	-442.2806	Tunnel_Well	29	572	0
2303.8302	1050.1060	-442.8968	Tunnel_Well	29	573	0
2304.3301	1050.0948	-443.6107	Tunnel_Well	29	574	0
2304.6985	1050.0824	-444.4005	Tunnel_Well	29	575	0
2304.9240	1050.0692	-445.2422	Tunnel_Well	29	576	0
2305.0000	1020.0592	-445.6391	Tunnel_Well	29	577	0
2304.9240	1020.0456	-446.5072	Tunnel_Well	29	578	0
2304.6985	1020.0324	-447.3490	Tunnel_Well	29	579	0
2304.3301	1020.0200	-448.1388	Tunnel_Well	29	580	0
2303.8302	1020.0087	-448.8526	Tunnel_Well	29	581	0
2303.2139	1019.9991	-449.4688	Tunnel_Well	29	582	0
2302.5000	1019.9912	-449.9687	Tunnel_Well	29	583	0
2301.7101	1019.9854	-450.3370	Tunnel_Well	29	584	0
2300.8682	1019.9819	-450.5625	Tunnel_Well	29	585	0
2300.0000	1019.9807	-450.6385	Tunnel_Well	29	586	0
2299.1318	1019.9819	-450.5625	Tunnel_Well	29	587	0
2298.2899	1019.9854	-450.3370	Tunnel_Well	29	588	0
2297.5000	1019.9912	-449.9687	Tunnel_Well	29	589	0
2296.7861	1019.9991	-449.4688	Tunnel_Well	29	590	0
2296.1698	1020.0087	-448.8526	Tunnel_Well	29	591	0
2295.6699	1020.0200	-448.1388	Tunnel_Well	29	592	0
2295.3015	1020.0324	-447.3490	Tunnel_Well	29	593	0
2295.0760	1020.0456	-446.5072	Tunnel_Well	29	594	0
2295.0000	1020.0592	-445.6391	Tunnel_Well	29	595	0
2295.0760	1020.0729	-444.7710	Tunnel_Well	29	596	0
2295.3015	1020.0861	-443.9292	Tunnel_Well	29	597	0
2295.6699	1020.0985	-443.1394	Tunnel_Well	29	598	0
2296.1698	1020.1097	-442.4256	Tunnel_Well	29	599	0
2296.7861	1020.1194	-441.8093	Tunnel_Well	29	600	0
2297.5000	1020.1272	-441.3095	Tunnel_Well	29	601	0
2298.2899	1020.1330	-440.9412	Tunnel_Well	29	602	0
2299.1318	1020.1366	-440.7157	Tunnel_Well	29	603	0
2300.0000	1020.1378	-440.6397	Tunnel_Well	29	604	0
2300.8682	1020.1366	-440.7157	Tunnel_Well	29	605	0
2301.7101	1020.1330	-440.9412	Tunnel_Well	29	606	0
2302.5000	1020.1272	-441.3095	Tunnel_Well	29	607	0
2303.2139	1020.1194	-441.8093	Tunnel_Well	29	608	0
2303.8302	1020.1097	-442.4256	Tunnel_Well	29	609	0
2304.3301	1020.0985	-443.1394	Tunnel_Well	29	610	0
2304.6985	1020.0861	-443.9292	Tunnel_Well	29	611	0
2304.9240	1020.0729	-444.7710	Tunnel_Well	29	612	0
2305.0000	1008.7977	-445.4622	Tunnel_Well	29	613	0
2304.9240	1008.7841	-446.3303	Tunnel_Well	29	614	0
2304.6985	1008.7709	-447.1721	Tunnel_Well	29	615	0
2304.3301	1008.7585	-447.9619	Tunnel_Well	29	616	0
2303.8302	1008.7473	-448.6757	Tunnel_Well	29	617	0
2303.2139	1008.7376	-449.2919	Tunnel_Well	29	618	0
2302.5000	1008.7297	-449.7918	Tunnel_Well	29	619	0
2301.7101	1008.7239	-450.1601	Tunnel_Well	29	620	0
2300.8682	1008.7204	-450.3856	Tunnel_Well	29	621	0
2300.0000	1008.7192	-450.4616	Tunnel_Well	29	622	0
2299.1318	1008.7204	-450.3856	Tunnel_Well	29	623	0
2298.2899	1008.7239	-450.1601	Tunnel_Well	29	624	0
2297.5000	1008.7297	-449.7918	Tunnel_Well	29	625	0
2296.7861	1008.7376	-449.2919	Tunnel_Well	29	626	0
2296.1698	1008.7473	-448.6757	Tunnel_Well	29	627	0
2295.6699	1008.7585	-447.9619	Tunnel_Well	29	628	0
2295.3015	1008.7709	-447.1721	Tunnel_Well	29	629	0
2295.0760	1008.7841	-446.3303	Tunnel_Well	29	630	0
2295.0000	1008.7977	-445.4622	Tunnel_Well	29	631	0
2295.0760	1008.8114	-444.5940	Tunnel_Well	29	632	0
2295.3015	1008.8246	-443.7523	Tunnel_Well	29	633	0
2295.6699	1008.8370	-442.9625	Tunnel_Well	29	634	0
2296.1698	1008.8482	-442.2486	Tunnel_Well	29	635	0
2296.7861	1008.8579	-441.6324	Tunnel_Well	29	636	0
2297.5000	1008.8658	-441.1326	Tunnel_Well	29	637	0
2298.2899	1008.8716	-440.7643	Tunnel_Well	29	638	0
2299.1318	1008.8751	-440.5387	Tunnel_Well	29	639	0
2300.0000	1008.8763	-440.4628	Tunnel_Well	29	640	0
2300.8682	1008.8751	-440.5387	Tunnel_Well	29	641	0
2301.7101	1008.8716	-440.7643	Tunnel_Well	29	642	0
2302.5000	1008.8658	-441.1326	Tunnel_Well	29	643	0
2303.2139	1008.8579	-441.6324	Tunnel_Well	29	644	0
2303.8302	1008.8482	-442.2486	Tunnel_Well	29	645	0
2304.3301	1008.8370	-442.9625	Tunnel_Well	29	646	0
2304.6985	1008.8246	-443.7523	Tunnel_Well	29	647	0
2304.9240	1008.8114	-444.5940	Tunnel_Well	29	648	0
