x	y	z	Name	Id	Vertex Index	PType
707.5000	4000.0000	-76.1768	Tunnel_Well	108	1	0
707.3861	3999.9862	-77.4791	Tunnel_Well	108	2	0
707.0477	3999.9729	-78.7418	Tunnel_Well	108	3	0
706.4952	3999.9604	-79.9266	Tunnel_Well	108	4	0
705.7453	3999.9490	-80.9975	Tunnel_Well	108	5	0
704.8209	3999.9393	-81.9218	Tunnel_Well	108	6	0
703.7500	3999.9313	-82.6717	Tunnel_Well	108	7	0
702.5652	3999.9255	-83.2241	Tunnel_Well	108	8	0
701.3024	3999.9219	-83.5625	Tunnel_Well	108	9	0
700.0000	3999.9207	-83.6764	Tunnel_Well	108	10	0
698.6976	3999.9219	-83.5625	Tunnel_Well	108	11	0
697.4348	3999.9255	-83.2241	Tunnel_Well	108	12	0
696.2500	3999.9313	-82.6717	Tunnel_Well	108	13	0
695.1791	3999.9393	-81.9218	Tunnel_Well	108	14	0
694.2547	3999.9490	-80.9975	Tunnel_Well	108	15	0
693.5048	3999.9604	-79.9266	Tunnel_Well	108	16	0
692.9523	3999.9729	-78.7418	Tunnel_Well	108	17	0
692.6139	3999.9862	-77.4791	Tunnel_Well	108	18	0
692.5000	4000.0000	-76.1768	Tunnel_Well	108	19	0
692.6139	4000.0138	-74.8745	Tunnel_Well	108	20	0
692.9523	4000.0271	-73.6118	Tunnel_Well	108	21	0
693.5048	4000.0396	-72.4270	Tunnel_Well	108	22	0
694.2547	4000.0510	-71.3562	Tunnel_Well	108	23	0
695.1791	4000.0607	-70.4318	Tunnel_Well	108	24	0
696.2500	4000.0687	-69.6820	Tunnel_Well	108	25	0
697.4348	4000.0745	-69.1295	Tunnel_Well	108	26	0
698.6976	4000.0781	-68.7912	Tunnel_Well	108	27	0
700.0000	4000.0793	-68.6772	Tunnel_Well	108	28	0
701.3024	4000.0781	-68.7912	Tunnel_Well	108	29	0
702.5652	4000.0745	-69.1295	Tunnel_Well	108	30	0
703.7500	4000.0687	-69.6820	Tunnel_Well	108	31	0
704.8209	4000.0607	-70.4318	Tunnel_Well	108	32	0
705.7453	4000.0510	-71.3562	Tunnel_Well	108	33	0
706.4952	4000.0396	-72.4270	Tunnel_Well	108	34	0
707.0477	4000.0271	-73.6118	Tunnel_Well	108	35	0
707.3861	4000.0138	-74.8745	Tunnel_Well	108	36	0
707.5000	3970.0017	-75.8596	Tunnel_Well	108	37	0
707.3861	3969.9879	-77.1619	Tunnel_Well	108	38	0
707.0477	3969.9746	-78.4247	Tunnel_Well	108	39	0
706.4952	3969.9620	-79.6094	Tunnel_Well	108	40	0
705.7453	3969.9507	-80.6803	Tunnel_Well	108	41	0
704.8209	3969.9409	-81.6047	Tunnel_Well	108	42	0
703.7500	3969.9330	-82.3545	Tunnel_Well	108	43	0
702.5652	3969.9272	-82.9069	Tunnel_Well	108	44	0
701.3024	3969.9236	-83.2453	Tunnel_Well	108	45	0
700.0000	3969.9224	-83.3592	Tunnel_Well	108	46	0
698.6976	3969.9236	-83.2453	Tunnel_Well	108	47	0
697.4348	3969.9272	-82.9069	Tunnel_Well	108	48	0
696.2500	3969.9330	-82.3545	Tunnel_Well	108	49	0
695.1791	3969.9409	-81.6047	Tunnel_Well	108	50	0
694.2547	3969.9507	-80.6803	Tunnel_Well	108	51	0
693.5048	3969.9620	-79.6094	Tunnel_Well	108	52	0
692.9523	3969.9746	-78.4247	Tunnel_Well	108	53	0
692.6139	3969.9879	-77.1619	Tunnel_Well	108	54	0
692.5000	3970.0017	-75.8596	Tunnel_Well	108	55	0
692.6139	3970.0154	-74.5574	Tunnel_Well	108	56	0
692.9523	3970.0288	-73.2946	Tunnel_Well	108	57	0
693.5048	3970.0413	-72.1099	Tunnel_Well	108	58	0
694.2547	3970.0526	-71.0390	Tunnel_Well	108	59	0
695.1791	3970.0624	-70.1146	Tunnel_Well	108	60	0
696.2500	3970.0703	-69.3648	Tunnel_Well	108	61	0
697.4348	3970.0762	-68.8123	Tunnel_Well	108	62	0
698.6976	3970.0798	-68.4740	Tunnel_Well	108	63	0
700.0000	3970.0810	-68.3601	Tunnel_Well	108	64	0
701.3024	3970.0798	-68.4740	Tunnel_Well	108	65	0
702.5652	3970.0762	-68.8123	Tunnel_Well	108	66	0
703.7500	3970.0703	-69.3648	Tunnel_Well	108	67	0
704.8209	3970.0624	-70.1146	Tunnel_Well	108	68	0
705.7453	3970.0526	-71.0390	Tunnel_Well	108	69	0
706.4952	3970.0413	-72.1099	Tunnel_Well	108	70	0
707.0477	3970.0288	-73.2946	Tunnel_Well	108	71	0
707.3861	3970.0154	-74.5574	Tunnel_Well	108	72	0
707.5000	3940.0034	-75.5425	Tunnel_Well	108	73	0
707.3861	3939.9896	-76.8448	Tunnel_Well	108	74	0
707.0477	3939.9762	-78.1075	Tunnel_Well	108	75	0
706.4952	3939.9637	-79.2923	Tunnel_Well	108	76	0
705.7453	3939.9524	-80.3631	Tunnel_Well	108	77	0
704.8209	3939.9426	-81.2875	Tunnel_Well	108	78	0
703.7500	3939.9347	-82.0373	Tunnel_Well	108	79	0
702.5652	3939.9288	-82.5898	Tunnel_Well	108	80	0
701.3024	3939.9253	-82.9281	Tunnel_Well	108	81	0
700.0000	3939.9241	-83.0421	Tunnel_Well	108	82	0
698.6976	3939.9253	-82.9281	Tunnel_Well	108	83	0
697.4348	3939.9288	-82.5898	Tunnel_Well	108	84	0
696.2500	3939.9347	-82.0373	Tunnel_Well	108	85	0
695.1791	3939.9426	-81.2875	Tunnel_Well	108	86	0
694.2547	3939.9524	-80.3631	Tunnel_Well	108	87	0
693.5048	3939.9637	-79.2923	Tunnel_Well	108	88	0
692.9523	3939.9762	-78.1075	Tunnel_Well	108	89	0
692.6139	3939.9896	-76.8448	Tunnel_Well	108	90	0
692.5000	3940.0034	-75.5425	Tunnel_Well	108	91	0
692.6139	3940.0171	-74.2402	Tunnel_Well	108	92	0
692.9523	3940.0305	-72.9775	Tunnel_Well	108	93	0
693.5048	3940.0430	-71.7927	Tunnel_Well	108	94	0
694.2547	3940.0543	-70.7218	Tunnel_Well	108	95	0
695.1791	3940.0641	-69.7975	Tunnel_Well	108	96	0
696.2500	3940.0720	-69.0476	Tunnel_Well	108	97	0
697.4348	3940.0779	-68.4952	Tunnel_Well	108	98	0
698.6976	3940.0814	-68.1568	Tunnel_Well	108	99	0
700.0000	3940.0826	-68.0429	Tunnel_Well	108	100	0
701.3024	3940.0814	-68.1568	Tunnel_Well	108	101	0
702.5652	3940.0779	-68.4952	Tunnel_Well	108	102	0
703.7500	3940.0720	-69.0476	Tunnel_Well	108	103	0
704.8209	3940.0641	-69.7975	Tunnel_Well	108	104	0
705.7453	3940.0543	-70.7218	Tunnel_Well	108	105	0
706.4952	3940.0430	-71.7927	Tunnel_Well	108	106	0
707.0477	3940.0305	-72.9775	Tunnel_Well	108	107	0
707.3861	3940.0171	-74.2402	Tunnel_Well	108	108	0
707.5000	3910.0050	-75.2253	Tunnel_Well	108	109	0
707.3861	3909.9913	-76.5276	Tunnel_Well	108	110	0
707.0477	3909.9779	-77.7903	Tunnel_Well	108	111	0
706.4952	3909.9654	-78.9751	Tunnel_Well	108	112	0
705.7453	3909.9541	-80.0459	Tunnel_Well	108	113	0
704.8209	3909.9443	-80.9703	Tunnel_Well	108	114	0
703.7500	3909.9364	-81.7201	Tunnel_Well	108	115	0
702.5652	3909.9305	-82.2726	Tunnel_Well	108	116	0
701.3024	3909.9269	-82.6109	Tunnel_Well	108	117	0
700.0000	3909.9257	-82.7249	Tunnel_Well	108	118	0
698.6976	3909.9269	-82.6109	Tunnel_Well	108	119	0
697.4348	3909.9305	-82.2726	Tunnel_Well	108	120	0
696.2500	3909.9364	-81.7201	Tunnel_Well	108	121	0
695.1791	3909.9443	-80.9703	Tunnel_Well	108	122	0
694.2547	3909.9541	-80.0459	Tunnel_Well	108	123	0
693.5048	3909.9654	-78.9751	Tunnel_Well	108	124	0
692.9523	3909.9779	-77.7903	Tunnel_Well	108	125	0
692.6139	3909.9913	-76.5276	Tunnel_Well	108	126	0
692.5000	3910.0050	-75.2253	Tunnel_Well	108	127	0
692.6139	3910.0188	-73.9230	Tunnel_Well	108	128	0
692.9523	3910.0322	-72.6603	Tunnel_Well	108	129	0
693.5048	3910.0447	-71.4755	Tunnel_Well	108	130	0
694.2547	3910.0560	-70.4047	Tunnel_Well	108	131	0
695.1791	3910.0658	-69.4803	Tunnel_Well	108	132	0
696.2500	3910.0737	-68.7305	Tunnel_Well	108	133	0
697.4348	3910.0795	-68.1780	Tunnel_Well	108	134	0
698.6976	3910.0831	-67.8396	Tunnel_Well	108	135	0
700.0000	3910.0843	-67.7257	Tunnel_Well	108	136	0
701.3024	3910.0831	-67.8396	Tunnel_Well	108	137	0
702.5652	3910.0795	-68.1780	Tunnel_Well	108	138	0
703.7500	3910.0737	-68.7305	Tunnel_Well	108	139	0
704.8209	3910.0658	-69.4803	Tunnel_Well	108	140	0
705.7453	3910.0560	-70.4047	Tunnel_Well	108	141	0
706.4952	3910.0447	-71.4755	Tunnel_Well	108	142	0
707.0477	3910.0322	-72.6603	Tunnel_Well	108	143	0
707.3861	3910.0188	-73.9230	Tunnel_Well	108	144	0
707.5000	3880.0067	-74.9081	Tunnel_Well	108	145	0
707.3861	3879.9929	-76.2104	Tunnel_Well	108	146	0
707.0477	3879.9796	-77.4731	Tunnel_Well	108	147	0
706.4952	3879.9671	-78.6579	Tunnel_Well	108	148	0
705.7453	3879.9557	-79.7288	Tunnel_Well	108	149	0
704.8209	3879.9460	-80.6531	Tunnel_Well	108	150	0
703.7500	3879.9380	-81.4029	Tunnel_Well	108	151	0
702.5652	3879.9322	-81.9554	Tunnel_Well	108	152	0
701.3024	3879.9286	-82.2938	Tunnel_Well	108	153	0
700.0000	3879.9274	-82.4077	Tunnel_Well	108	154	0
698.6976	3879.9286	-82.2938	Tunnel_Well	108	155	0
697.4348	3879.9322	-81.9554	Tunnel_Well	108	156	0
696.2500	3879.9380	-81.4029	Tunnel_Well	108	157	0
695.1791	3879.9460	-80.6531	Tunnel_Well	108	158	0
694.2547	3879.9557	-79.7288	Tunnel_Well	108	159	0
693.5048	3879.9671	-78.6579	Tunnel_Well	108	160	0
692.9523	3879.9796	-77.4731	Tunnel_Well	108	161	0
692.6139	3879.9929	-76.2104	Tunnel_Well	108	162	0
692.5000	3880.0067	-74.9081	Tunnel_Well	108	163	0
692.6139	3880.0205	-73.6058	Tunnel_Well	108	164	0
692.9523	3880.0338	-72.3431	Tunnel_Well	108	165	0
693.5048	3880.0464	-71.1583	Tunnel_Well	108	166	0
694.2547	3880.0577	-70.0875	Tunnel_Well	108	167	0
695.1791	3880.0674	-69.1631	Tunnel_Well	108	168	0
696.2500	3880.0754	-68.4133	Tunnel_Well	108	169	0
697.4348	3880.0812	-67.8608	Tunnel_Well	108	170	0
698.6976	3880.0848	-67.5225	Tunnel_Well	108	171	0
700.0000	3880.0860	-67.4085	Tunnel_Well	108	172	0
701.3024	3880.0848	-67.5225	Tunnel_Well	108	173	0
702.5652	3880.0812	-67.8608	Tunnel_Well	108	174	0
703.7500	3880.0754	-68.4133	Tunnel_Well	108	175	0
704.8209	3880.0674	-69.1631	Tunnel_Well	108	176	0
705.7453	3880.0577	-70.0875	Tunnel_Well	108	177	0
706.4952	3880.0464	-71.1583	Tunnel_Well	108	178	0
707.0477	3880.0338	-72.3431	Tunnel_Well	108	179	0
707.3861	3880.0205	-73.6058	Tunnel_Well	108	180	0
707.5000	3850.0084	-74.5909	Tunnel_Well	108	181	0
707.3861	3849.9946	-75.8932	Tunnel_Well	108	182	0
707.0477	3849.9813	-77.1559	Tunnel_Well	108	183	0
706.4952	3849.9687	-78.3407	Tunnel_Well	108	184	0
705.7453	3849.9574	-79.4116	Tunnel_Well	108	185	0
704.8209	3849.9476	-80.3360	Tunnel_Well	108	186	0
703.7500	3849.9397	-81.0858	Tunnel_Well	108	187	0
702.5652	3849.9339	-81.6382	Tunnel_Well	108	188	0
701.3024	3849.9303	-81.9766	Tunnel_Well	108	189	0
700.0000	3849.9291	-82.0905	Tunnel_Well	108	190	0
698.6976	3849.9303	-81.9766	Tunnel_Well	108	191	0
697.4348	3849.9339	-81.6382	Tunnel_Well	108	192	0
696.2500	3849.9397	-81.0858	Tunnel_Well	108	193	0
695.1791	3849.9476	-80.3360	Tunnel_Well	108	194	0
694.2547	3849.9574	-79.4116	Tunnel_Well	108	195	0
693.5048	3849.9687	-78.3407	Tunnel_Well	108	196	0
692.9523	3849.9813	-77.1559	Tunnel_Well	108	197	0
692.6139	3849.9946	-75.8932	Tunnel_Well	108	198	0
692.5000	3850.0084	-74.5909	Tunnel_Well	108	199	0
692.6139	3850.0222	-73.2887	Tunnel_Well	108	200	0
692.9523	3850.0355	-72.0259	Tunnel_Well	108	201	0
693.5048	3850.0480	-70.8411	Tunnel_Well	108	202	0
694.2547	3850.0594	-69.7703	Tunnel_Well	108	203	0
695.1791	3850.0691	-68.8459	Tunnel_Well	108	204	0
696.2500	3850.0771	-68.0961	Tunnel_Well	108	205	0
697.4348	3850.0829	-67.5436	Tunnel_Well	108	206	0
698.6976	3850.0865	-67.2053	Tunnel_Well	108	207	0
700.0000	3850.0877	-67.0914	Tunnel_Well	108	208	0
701.3024	3850.0865	-67.2053	Tunnel_Well	108	209	0
702.5652	3850.0829	-67.5436	Tunnel_Well	108	210	0
703.7500	3850.0771	-68.0961	Tunnel_Well	108	211	0
704.8209	3850.0691	-68.8459	Tunnel_Well	108	212	0
705.7453	3850.0594	-69.7703	Tunnel_Well	108	213	0
706.4952	3850.0480	-70.8411	Tunnel_Well	108	214	0
707.0477	3850.0355	-72.0259	Tunnel_Well	108	215	0
707.3861	3850.0222	-73.2887	Tunnel_Well	108	216	0
707.5000	3820.0101	-74.2738	Tunnel_Well	108	217	0
707.3861	3819.9963	-75.5761	Tunnel_Well	108	218	0
707.0477	3819.9829	-76.8388	Tunnel_Well	108	219	0
706.4952	3819.9704	-78.0236	Tunnel_Well	108	220	0
705.7453	3819.9591	-79.0944	Tunnel_Well	108	221	0
704.8209	3819.9493	-80.0188	Tunnel_Well	108	222	0
703.7500	3819.9414	-80.7686	Tunnel_Well	108	223	0
702.5652	3819.9355	-81.3211	Tunnel_Well	108	224	0
701.3024	3819.9320	-81.6594	Tunnel_Well	108	225	0
700.0000	3819.9308	-81.7733	Tunnel_Well	108	226	0
698.6976	3819.9320	-81.6594	Tunnel_Well	108	227	0
697.4348	3819.9355	-81.3211	Tunnel_Well	108	228	0
696.2500	3819.9414	-80.7686	Tunnel_Well	108	229	0
695.1791	3819.9493	-80.0188	Tunnel_Well	108	230	0
694.2547	3819.9591	-79.0944	Tunnel_Well	108	231	0
693.5048	3819.9704	-78.0236	Tunnel_Well	108	232	0
692.9523	3819.9829	-76.8388	Tunnel_Well	108	233	0
692.6139	3819.9963	-75.5761	Tunnel_Well	108	234	0
692.5000	3820.0101	-74.2738	Tunnel_Well	108	235	0
692.6139	3820.0238	-72.9715	Tunnel_Well	108	236	0
692.9523	3820.0372	-71.7088	Tunnel_Well	108	237	0
693.5048	3820.0497	-70.5240	Tunnel_Well	108	238	0
694.2547	3820.0610	-69.4531	Tunnel_Well	108	239	0
695.1791	3820.0708	-68.5288	Tunnel_Well	108	240	0
696.2500	3820.0787	-67.7789	Tunnel_Well	108	241	0
697.4348	3820.0846	-67.2265	Tunnel_Well	108	242	0
698.6976	3820.0881	-66.8881	Tunnel_Well	108	243	0
700.0000	3820.0894	-66.7742	Tunnel_Well	108	244	0
701.3024	3820.0881	-66.8881	Tunnel_Well	108	245	0
702.5652	3820.0846	-67.2265	Tunnel_Well	108	246	0
703.7500	3820.0787	-67.7789	Tunnel_Well	108	247	0
704.8209	3820.0708	-68.5288	Tunnel_Well	108	248	0
705.7453	3820.0610	-69.4531	Tunnel_Well	108	249	0
706.4952	3820.0497	-70.5240	Tunnel_Well	108	250	0
707.0477	3820.0372	-71.7088	Tunnel_Well	108	251	0
707.3861	3820.0238	-72.9715	Tunnel_Well	108	252	0
707.5000	3790.0117	-73.9566	Tunnel_Well	108	253	0
707.3861	3789.9980	-75.2589	Tunnel_Well	108	254	0
707.0477	3789.9846	-76.5216	Tunnel_Well	108	255	0
706.4952	3789.9721	-77.7064	Tunnel_Well	108	256	0
705.7453	3789.9608	-78.7772	Tunnel_Well	108	257	0
704.8209	3789.9510	-79.7016	Tunnel_Well	108	258	0
703.7500	3789.9431	-80.4514	Tunnel_Well	108	259	0
702.5652	3789.9372	-81.0039	Tunnel_Well	108	260	0
701.3024	3789.9336	-81.3422	Tunnel_Well	108	261	0
700.0000	3789.9324	-81.4562	Tunnel_Well	108	262	0
698.6976	3789.9336	-81.3422	Tunnel_Well	108	263	0
697.4348	3789.9372	-81.0039	Tunnel_Well	108	264	0
696.2500	3789.9431	-80.4514	Tunnel_Well	108	265	0
695.1791	3789.9510	-79.7016	Tunnel_Well	108	266	0
694.2547	3789.9608	-78.7772	Tunnel_Well	108	267	0
693.5048	3789.9721	-77.7064	Tunnel_Well	108	268	0
692.9523	3789.9846	-76.5216	Tunnel_Well	108	269	0
692.6139	3789.9980	-75.2589	Tunnel_Well	108	270	0
692.5000	3790.0117	-73.9566	Tunnel_Well	108	271	0
692.6139	3790.0255	-72.6543	Tunnel_Well	108	272	0
692.9523	3790.0389	-71.3916	Tunnel_Well	108	273	0
693.5048	3790.0514	-70.2068	Tunnel_Well	108	274	0
694.2547	3790.0627	-69.1359	Tunnel_Well	108	275	0
695.1791	3790.0725	-68.2116	Tunnel_Well	108	276	0
696.2500	3790.0804	-67.4618	Tunnel_Well	108	277	0
697.4348	3790.0862	-66.9093	Tunnel_Well	108	278	0
698.6976	3790.0898	-66.5709	Tunnel_Well	108	279	0
700.0000	3790.0910	-66.4570	Tunnel_Well	108	280	0
701.3024	3790.0898	-66.5709	Tunnel_Well	108	281	0
702.5652	3790.0862	-66.9093	Tunnel_Well	108	282	0
703.7500	3790.0804	-67.4618	Tunnel_Well	108	283	0
704.8209	3790.0725	-68.2116	Tunnel_Well	108	284	0
705.7453	3790.0627	-69.1359	Tunnel_Well	108	285	0
706.4952	3790.0514	-70.2068	Tunnel_Well	108	286	0
707.0477	3790.0389	-71.3916	Tunnel_Well	108	287	0
707.3861	3790.0255	-72.6543	Tunnel_Well	108	288	0
707.5000	3760.0134	-73.6394	Tunnel_Well	108	289	0
707.3861	3759.9996	-74.9417	Tunnel_Well	108	290	0
707.0477	3759.9863	-76.2044	Tunnel_Well	108	291	0
706.4952	3759.9738	-77.3892	Tunnel_Well	108	292	0
705.7453	3759.9624	-78.4600	Tunnel_Well	108	293	0
704.8209	3759.9527	-79.3844	Tunnel_Well	108	294	0
703.7500	3759.9447	-80.1342	Tunnel_Well	108	295	0
702.5652	3759.9389	-80.6867	Tunnel_Well	108	296	0
701.3024	3759.9353	-81.0251	Tunnel_Well	108	297	0
700.0000	3759.9341	-81.1390	Tunnel_Well	108	298	0
698.6976	3759.9353	-81.0251	Tunnel_Well	108	299	0
697.4348	3759.9389	-80.6867	Tunnel_Well	108	300	0
696.2500	3759.9447	-80.1342	Tunnel_Well	108	301	0
695.1791	3759.9527	-79.3844	Tunnel_Well	108	302	0
694.2547	3759.9624	-78.4600	Tunnel_Well	108	303	0
693.5048	3759.9738	-77.3892	Tunnel_Well	108	304	0
692.9523	3759.9863	-76.2044	Tunnel_Well	108	305	0
692.6139	3759.9996	-74.9417	Tunnel_Well	108	306	0
692.5000	3760.0134	-73.6394	Tunnel_Well	108	307	0
692.6139	3760.0272	-72.3371	Tunnel_Well	108	308	0
692.9523	3760.0405	-71.0744	Tunnel_Well	108	309	0
693.5048	3760.0531	-69.8896	Tunnel_Well	108	310	0
694.2547	3760.0644	-68.8188	Tunnel_Well	108	311	0
695.1791	3760.0742	-67.8944	Tunnel_Well	108	312	0
696.2500	3760.0821	-67.1446	Tunnel_Well	108	313	0
697.4348	3760.0879	-66.5921	Tunnel_Well	108	314	0
698.6976	3760.0915	-66.2538	Tunnel_Well	108	315	0
700.0000	3760.0927	-66.1398	Tunnel_Well	108	316	0
701.3024	3760.0915	-66.2538	Tunnel_Well	108	317	0
702.5652	3760.0879	-66.5921	Tunnel_Well	108	318	0
703.7500	3760.0821	-67.1446	Tunnel_Well	108	319	0
704.8209	3760.0742	-67.8944	Tunnel_Well	108	320	0
705.7453	3760.0644	-68.8188	Tunnel_Well	108	321	0
706.4952	3760.0531	-69.8896	Tunnel_Well	108	322	0
707.0477	3760.0405	-71.0744	Tunnel_Well	108	323	0
707.3861	3760.0272	-72.3371	Tunnel_Well	108	324	0
707.5000	3730.0151	-73.3222	Tunnel_Well	108	325	0
707.3861	3730.0013	-74.6245	Tunnel_Well	108	326	0
707.0477	3729.9880	-75.8872	Tunnel_Well	108	327	0
706.4952	3729.9754	-77.0720	Tunnel_Well	108	328	0
705.7453	3729.9641	-78.1429	Tunnel_Well	108	329	0
704.8209	3729.9543	-79.0672	Tunnel_Well	108	330	0
703.7500	3729.9464	-79.8171	Tunnel_Well	108	331	0
702.5652	3729.9406	-80.3695	Tunnel_Well	108	332	0
701.3024	3729.9370	-80.7079	Tunnel_Well	108	333	0
700.0000	3729.9358	-80.8218	Tunnel_Well	108	334	0
698.6976	3729.9370	-80.7079	Tunnel_Well	108	335	0
697.4348	3729.9406	-80.3695	Tunnel_Well	108	336	0
696.2500	3729.9464	-79.8171	Tunnel_Well	108	337	0
695.1791	3729.9543	-79.0672	Tunnel_Well	108	338	0
694.2547	3729.9641	-78.1429	Tunnel_Well	108	339	0
693.5048	3729.9754	-77.0720	Tunnel_Well	108	340	0
692.9523	3729.9880	-75.8872	Tunnel_Well	108	341	0
692.6139	3730.0013	-74.6245	Tunnel_Well	108	342	0
692.5000	3730.0151	-73.3222	Tunnel_Well	108	343	0
692.6139	3730.0289	-72.0199	Tunnel_Well	108	344	0
692.9523	3730.0422	-70.7572	Tunnel_Well	108	345	0
693.5048	3730.0547	-69.5724	Tunnel_Well	108	346	0
694.2547	3730.0661	-68.5016	Tunnel_Well	108	347	0
695.1791	3730.0758	-67.5772	Tunnel_Well	108	348	0
696.2500	3730.0838	-66.8274	Tunnel_Well	108	349	0
697.4348	3730.0896	-66.2749	Tunnel_Well	108	350	0
698.6976	3730.0932	-65.9366	Tunnel_Well	108	351	0
700.0000	3730.0944	-65.8227	Tunnel_Well	108	352	0
701.3024	3730.0932	-65.9366	Tunnel_Well	108	353	0
702.5652	3730.0896	-66.2749	Tunnel_Well	108	354	0
703.7500	3730.0838	-66.8274	Tunnel_Well	108	355	0
704.8209	3730.0758	-67.5772	Tunnel_Well	108	356	0
705.7453	3730.0661	-68.5016	Tunnel_Well	108	357	0
706.4952	3730.0547	-69.5724	Tunnel_Well	108	358	0
707.0477	3730.0422	-70.7572	Tunnel_Well	108	359	0
707.3861	3730.0289	-72.0199	Tunnel_Well	108	360	0
707.5000	3700.0168	-73.0051	Tunnel_Well	108	361	0
707.3861	3700.0030	-74.3073	Tunnel_Well	108	362	0
707.0477	3699.9896	-75.5701	Tunnel_Well	108	363	0
706.4952	3699.9771	-76.7548	Tunnel_Well	108	364	0
705.7453	3699.9658	-77.8257	Tunnel_Well	108	365	0
704.8209	3699.9560	-78.7501	Tunnel_Well	108	366	0
703.7500	3699.9481	-79.4999	Tunnel_Well	108	367	0
702.5652	3699.9423	-80.0524	Tunnel_Well	108	368	0
701.3024	3699.9387	-80.3907	Tunnel_Well	108	369	0
700.0000	3699.9375	-80.5046	Tunnel_Well	108	370	0
698.6976	3699.9387	-80.3907	Tunnel_Well	108	371	0
697.4348	3699.9423	-80.0524	Tunnel_Well	108	372	0
696.2500	3699.9481	-79.4999	Tunnel_Well	108	373	0
695.1791	3699.9560	-78.7501	Tunnel_Well	108	374	0
694.2547	3699.9658	-77.8257	Tunnel_Well	108	375	0
693.5048	3699.9771	-76.7548	Tunnel_Well	108	376	0
692.9523	3699.9896	-75.5701	Tunnel_Well	108	377	0
692.6139	3700.0030	-74.3073	Tunnel_Well	108	378	0
692.5000	3700.0168	-73.0051	Tunnel_Well	108	379	0
692.6139	3700.0305	-71.7028	Tunnel_Well	108	380	0
692.9523	3700.0439	-70.4400	Tunnel_Well	108	381	0
693.5048	3700.0564	-69.2553	Tunnel_Well	108	382	0
694.2547	3700.0677	-68.1844	Tunnel_Well	108	383	0
695.1791	3700.0775	-67.2600	Tunnel_Well	108	384	0
696.2500	3700.0854	-66.5102	Tunnel_Well	108	385	0
697.4348	3700.0913	-65.9578	Tunnel_Well	108	386	0
698.6976	3700.0949	-65.6194	Tunnel_Well	108	387	0
700.0000	3700.0961	-65.5055	Tunnel_Well	108	388	0
701.3024	3700.0949	-65.6194	Tunnel_Well	108	389	0
702.5652	3700.0913	-65.9578	Tunnel_Well	108	390	0
703.7500	3700.0854	-66.5102	Tunnel_Well	108	391	0
704.8209	3700.0775	-67.2600	Tunnel_Well	108	392	0
705.7453	3700.0677	-68.1844	Tunnel_Well	108	393	0
706.4952	3700.0564	-69.2553	Tunnel_Well	108	394	0
707.0477	3700.0439	-70.4400	Tunnel_Well	108	395	0
707.3861	3700.0305	-71.7028	Tunnel_Well	108	396	0
707.5000	3670.0184	-72.6879	Tunnel_Well	108	397	0
707.3861	3670.0047	-73.9902	Tunnel_Well	108	398	0
707.0477	3669.9913	-75.2529	Tunnel_Well	108	399	0
706.4952	3669.9788	-76.4377	Tunnel_Well	108	400	0
705.7453	3669.9675	-77.5085	Tunnel_Well	108	401	0
704.8209	3669.9577	-78.4329	Tunnel_Well	108	402	0
703.7500	3669.9498	-79.1827	Tunnel_Well	108	403	0
702.5652	3669.9439	-79.7352	Tunnel_Well	108	404	0
701.3024	3669.9404	-80.0735	Tunnel_Well	108	405	0
700.0000	3669.9391	-80.1875	Tunnel_Well	108	406	0
698.6976	3669.9404	-80.0735	Tunnel_Well	108	407	0
697.4348	3669.9439	-79.7352	Tunnel_Well	108	408	0
696.2500	3669.9498	-79.1827	Tunnel_Well	108	409	0
695.1791	3669.9577	-78.4329	Tunnel_Well	108	410	0
694.2547	3669.9675	-77.5085	Tunnel_Well	108	411	0
693.5048	3669.9788	-76.4377	Tunnel_Well	108	412	0
692.9523	3669.9913	-75.2529	Tunnel_Well	108	413	0
692.6139	3670.0047	-73.9902	Tunnel_Well	108	414	0
692.5000	3670.0184	-72.6879	Tunnel_Well	108	415	0
692.6139	3670.0322	-71.3856	Tunnel_Well	108	416	0
692.9523	3670.0456	-70.1229	Tunnel_Well	108	417	0
693.5048	3670.0581	-68.9381	Tunnel_Well	108	418	0
694.2547	3670.0694	-67.8672	Tunnel_Well	108	419	0
695.1791	3670.0792	-66.9429	Tunnel_Well	108	420	0
696.2500	3670.0871	-66.1931	Tunnel_Well	108	421	0
697.4348	3670.0930	-65.6406	Tunnel_Well	108	422	0
698.6976	3670.0965	-65.3022	Tunnel_Well	108	423	0
700.0000	3670.0977	-65.1883	Tunnel_Well	108	424	0
701.3024	3670.0965	-65.3022	Tunnel_Well	108	425	0
702.5652	3670.0930	-65.6406	Tunnel_Well	108	426	0
703.7500	3670.0871	-66.1931	Tunnel_Well	108	427	0
704.8209	3670.0792	-66.9429	Tunnel_Well	108	428	0
705.7453	3670.0694	-67.8672	Tunnel_Well	108	429	0
706.4952	3670.0581	-68.9381	Tunnel_Well	108	430	0
707.0477	3670.0456	-70.1229	Tunnel_Well	108	431	0
707.3861	3670.0322	-71.3856	Tunnel_Well	108	432	0
707.5000	3640.0201	-72.3707	Tunnel_Well	108	433	0
707.3861	3640.0064	-73.6730	Tunnel_Well	108	434	0
707.0477	3639.9930	-74.9357	Tunnel_Well	108	435	0
706.4952	3639.9805	-76.1205	Tunnel_Well	108	436	0
705.7453	3639.9692	-77.1913	Tunnel_Well	108	437	0
704.8209	3639.9594	-78.1157	Tunnel_Well	108	438	0
703.7500	3639.9514	-78.8655	Tunnel_Well	108	439	0
702.5652	3639.9456	-79.4180	Tunnel_Well	108	440	0
701.3024	3639.9420	-79.7563	Tunnel_Well	108	441	0
700.0000	3639.9408	-79.8703	Tunnel_Well	108	442	0
698.6976	3639.9420	-79.7563	Tunnel_Well	108	443	0
697.4348	3639.9456	-79.4180	Tunnel_Well	108	444	0
696.2500	3639.9514	-78.8655	Tunnel_Well	108	445	0
695.1791	3639.9594	-78.1157	Tunnel_Well	108	446	0
694.2547	3639.9692	-77.1913	Tunnel_Well	108	447	0
693.5048	3639.9805	-76.1205	Tunnel_Well	108	448	0
692.9523	3639.9930	-74.9357	Tunnel_Well	108	449	0
692.6139	3640.0064	-73.6730	Tunnel_Well	108	450	0
692.5000	3640.0201	-72.3707	Tunnel_Well	108	451	0
692.6139	3640.0339	-71.0684	Tunnel_Well	108	452	0
692.9523	3640.0472	-69.8057	Tunnel_Well	108	453	0
693.5048	3640.0598	-68.6209	Tunnel_Well	108	454	0
694.2547	3640.0711	-67.5501	Tunnel_Well	108	455	0
695.1791	3640.0809	-66.6257	Tunnel_Well	108	456	0
696.2500	3640.0888	-65.8759	Tunnel_Well	108	457	0
697.4348	3640.0946	-65.3234	Tunnel_Well	108	458	0
698.6976	3640.0982	-64.9851	Tunnel_Well	108	459	0
700.0000	3640.0994	-64.8711	Tunnel_Well	108	460	0
701.3024	3640.0982	-64.9851	Tunnel_Well	108	461	0
702.5652	3640.0946	-65.3234	Tunnel_Well	108	462	0
703.7500	3640.0888	-65.8759	Tunnel_Well	108	463	0
704.8209	3640.0809	-66.6257	Tunnel_Well	108	464	0
705.7453	3640.0711	-67.5501	Tunnel_Well	108	465	0
706.4952	3640.0598	-68.6209	Tunnel_Well	108	466	0
707.0477	3640.0472	-69.8057	Tunnel_Well	108	467	0
707.3861	3640.0339	-71.0684	Tunnel_Well	108	468	0
707.5000	3610.0218	-72.0535	Tunnel_Well	108	469	0
707.3861	3610.0080	-73.3558	Tunnel_Well	108	470	0
707.0477	3609.9947	-74.6185	Tunnel_Well	108	471	0
706.4952	3609.9822	-75.8033	Tunnel_Well	108	472	0
705.7453	3609.9708	-76.8742	Tunnel_Well	108	473	0
704.8209	3609.9611	-77.7985	Tunnel_Well	108	474	0
703.7500	3609.9531	-78.5484	Tunnel_Well	108	475	0
702.5652	3609.9473	-79.1008	Tunnel_Well	108	476	0
701.3024	3609.9437	-79.4392	Tunnel_Well	108	477	0
700.0000	3609.9425	-79.5531	Tunnel_Well	108	478	0
698.6976	3609.9437	-79.4392	Tunnel_Well	108	479	0
697.4348	3609.9473	-79.1008	Tunnel_Well	108	480	0
696.2500	3609.9531	-78.5484	Tunnel_Well	108	481	0
695.1791	3609.9611	-77.7985	Tunnel_Well	108	482	0
694.2547	3609.9708	-76.8742	Tunnel_Well	108	483	0
693.5048	3609.9822	-75.8033	Tunnel_Well	108	484	0
692.9523	3609.9947	-74.6185	Tunnel_Well	108	485	0
692.6139	3610.0080	-73.3558	Tunnel_Well	108	486	0
692.5000	3610.0218	-72.0535	Tunnel_Well	108	487	0
692.6139	3610.0356	-70.7512	Tunnel_Well	108	488	0
692.9523	3610.0489	-69.4885	Tunnel_Well	108	489	0
693.5048	3610.0614	-68.3037	Tunnel_Well	108	490	0
694.2547	3610.0728	-67.2329	Tunnel_Well	108	491	0
695.1791	3610.0825	-66.3085	Tunnel_Well	108	492	0
696.2500	3610.0905	-65.5587	Tunnel_Well	108	493	0
697.4348	3610.0963	-65.0062	Tunnel_Well	108	494	0
698.6976	3610.0999	-64.6679	Tunnel_Well	108	495	0
700.0000	3610.1011	-64.5539	Tunnel_Well	108	496	0
701.3024	3610.0999	-64.6679	Tunnel_Well	108	497	0
702.5652	3610.0963	-65.0062	Tunnel_Well	108	498	0
703.7500	3610.0905	-65.5587	Tunnel_Well	108	499	0
704.8209	3610.0825	-66.3085	Tunnel_Well	108	500	0
705.7453	3610.0728	-67.2329	Tunnel_Well	108	501	0
706.4952	3610.0614	-68.3037	Tunnel_Well	108	502	0
707.0477	3610.0489	-69.4885	Tunnel_Well	108	503	0
707.3861	3610.0356	-70.7512	Tunnel_Well	108	504	0
707.5000	3580.0235	-71.7363	Tunnel_Well	108	505	0
707.3861	3580.0097	-73.0386	Tunnel_Well	108	506	0
707.0477	3579.9964	-74.3014	Tunnel_Well	108	507	0
706.4952	3579.9838	-75.4861	Tunnel_Well	108	508	0
705.7453	3579.9725	-76.5570	Tunnel_Well	108	509	0
704.8209	3579.9627	-77.4814	Tunnel_Well	108	510	0
703.7500	3579.9548	-78.2312	Tunnel_Well	108	511	0
702.5652	3579.9490	-78.7836	Tunnel_Well	108	512	0
701.3024	3579.9454	-79.1220	Tunnel_Well	108	513	0
700.0000	3579.9442	-79.2359	Tunnel_Well	108	514	0
698.6976	3579.9454	-79.1220	Tunnel_Well	108	515	0
697.4348	3579.9490	-78.7836	Tunnel_Well	108	516	0
696.2500	3579.9548	-78.2312	Tunnel_Well	108	517	0
695.1791	3579.9627	-77.4814	Tunnel_Well	108	518	0
694.2547	3579.9725	-76.5570	Tunnel_Well	108	519	0
693.5048	3579.9838	-75.4861	Tunnel_Well	108	520	0
692.9523	3579.9964	-74.3014	Tunnel_Well	108	521	0
692.6139	3580.0097	-73.0386	Tunnel_Well	108	522	0
692.5000	3580.0235	-71.7363	Tunnel_Well	108	523	0
692.6139	3580.0372	-70.4341	Tunnel_Well	108	524	0
692.9523	3580.0506	-69.1713	Tunnel_Well	108	525	0
693.5048	3580.0631	-67.9866	Tunnel_Well	108	526	0
694.2547	3580.0744	-66.9157	Tunnel_Well	108	527	0
695.1791	3580.0842	-65.9913	Tunnel_Well	108	528	0
696.2500	3580.0921	-65.2415	Tunnel_Well	108	529	0
697.4348	3580.0980	-64.6890	Tunnel_Well	108	530	0
698.6976	3580.1016	-64.3507	Tunnel_Well	108	531	0
700.0000	3580.1028	-64.2368	Tunnel_Well	108	532	0
701.3024	3580.1016	-64.3507	Tunnel_Well	108	533	0
702.5652	3580.0980	-64.6890	Tunnel_Well	108	534	0
703.7500	3580.0921	-65.2415	Tunnel_Well	108	535	0
704.8209	3580.0842	-65.9913	Tunnel_Well	108	536	0
705.7453	3580.0744	-66.9157	Tunnel_Well	108	537	0
706.4952	3580.0631	-67.9866	Tunnel_Well	108	538	0
707.0477	3580.0506	-69.1713	Tunnel_Well	108	539	0
707.3861	3580.0372	-70.4341	Tunnel_Well	108	540	0
707.5000	3550.0252	-71.4192	Tunnel_Well	108	541	0
707.3861	3550.0114	-72.7215	Tunnel_Well	108	542	0
707.0477	3549.9980	-73.9842	Tunnel_Well	108	543	0
706.4952	3549.9855	-75.1690	Tunnel_Well	108	544	0
705.7453	3549.9742	-76.2398	Tunnel_Well	108	545	0
704.8209	3549.9644	-77.1642	Tunnel_Well	108	546	0
703.7500	3549.9565	-77.9140	Tunnel_Well	108	547	0
702.5652	3549.9506	-78.4665	Tunnel_Well	108	548	0
701.3024	3549.9471	-78.8048	Tunnel_Well	108	549	0
700.0000	3549.9459	-78.9188	Tunnel_Well	108	550	0
698.6976	3549.9471	-78.8048	Tunnel_Well	108	551	0
697.4348	3549.9506	-78.4665	Tunnel_Well	108	552	0
696.2500	3549.9565	-77.9140	Tunnel_Well	108	553	0
695.1791	3549.9644	-77.1642	Tunnel_Well	108	554	0
694.2547	3549.9742	-76.2398	Tunnel_Well	108	555	0
693.5048	3549.9855	-75.1690	Tunnel_Well	108	556	0
692.9523	3549.9980	-73.9842	Tunnel_Well	108	557	0
692.6139	3550.0114	-72.7215	Tunnel_Well	108	558	0
692.5000	3550.0252	-71.4192	Tunnel_Well	108	559	0
692.6139	3550.0389	-70.1169	Tunnel_Well	108	560	0
692.9523	3550.0523	-68.8542	Tunnel_Well	108	561	0
693.5048	3550.0648	-67.6694	Tunnel_Well	108	562	0
694.2547	3550.0761	-66.5985	Tunnel_Well	108	563	0
695.1791	3550.0859	-65.6742	Tunnel_Well	108	564	0
696.2500	3550.0938	-64.9243	Tunnel_Well	108	565	0
697.4348	3550.0997	-64.3719	Tunnel_Well	108	566	0
698.6976	3550.1032	-64.0335	Tunnel_Well	108	567	0
700.0000	3550.1044	-63.9196	Tunnel_Well	108	568	0
701.3024	3550.1032	-64.0335	Tunnel_Well	108	569	0
702.5652	3550.0997	-64.3719	Tunnel_Well	108	570	0
703.7500	3550.0938	-64.9243	Tunnel_Well	108	571	0
704.8209	3550.0859	-65.6742	Tunnel_Well	108	572	0
705.7453	3550.0761	-66.5985	Tunnel_Well	108	573	0
706.4952	3550.0648	-67.6694	Tunnel_Well	108	574	0
707.0477	3550.0523	-68.8542	Tunnel_Well	108	575	0
707.3861	3550.0389	-70.1169	Tunnel_Well	108	576	0
707.5000	3520.0268	-71.1020	Tunnel_Well	108	577	0
707.3861	3520.0131	-72.4043	Tunnel_Well	108	578	0
707.0477	3519.9997	-73.6670	Tunnel_Well	108	579	0
706.4952	3519.9872	-74.8518	Tunnel_Well	108	580	0
705.7453	3519.9759	-75.9226	Tunnel_Well	108	581	0
704.8209	3519.9661	-76.8470	Tunnel_Well	108	582	0
703.7500	3519.9582	-77.5968	Tunnel_Well	108	583	0
702.5652	3519.9523	-78.1493	Tunnel_Well	108	584	0
701.3024	3519.9487	-78.4876	Tunnel_Well	108	585	0
700.0000	3519.9475	-78.6016	Tunnel_Well	108	586	0
698.6976	3519.9487	-78.4876	Tunnel_Well	108	587	0
697.4348	3519.9523	-78.1493	Tunnel_Well	108	588	0
696.2500	3519.9582	-77.5968	Tunnel_Well	108	589	0
695.1791	3519.9661	-76.8470	Tunnel_Well	108	590	0
694.2547	3519.9759	-75.9226	Tunnel_Well	108	591	0
693.5048	3519.9872	-74.8518	Tunnel_Well	108	592	0
692.9523	3519.9997	-73.6670	Tunnel_Well	108	593	0
692.6139	3520.0131	-72.4043	Tunnel_Well	108	594	0
692.5000	3520.0268	-71.1020	Tunnel_Well	108	595	0
692.6139	3520.0406	-69.7997	Tunnel_Well	108	596	0
692.9523	3520.0539	-68.5370	Tunnel_Well	108	597	0
693.5048	3520.0665	-67.3522	Tunnel_Well	108	598	0
694.2547	3520.0778	-66.2814	Tunnel_Well	108	599	0
695.1791	3520.0876	-65.3570	Tunnel_Well	108	600	0
696.2500	3520.0955	-64.6072	Tunnel_Well	108	601	0
697.4348	3520.1013	-64.0547	Tunnel_Well	108	602	0
698.6976	3520.1049	-63.7163	Tunnel_Well	108	603	0
700.0000	3520.1061	-63.6024	Tunnel_Well	108	604	0
701.3024	3520.1049	-63.7163	Tunnel_Well	108	605	0
702.5652	3520.1013	-64.0547	Tunnel_Well	108	606	0
703.7500	3520.0955	-64.6072	Tunnel_Well	108	607	0
704.8209	3520.0876	-65.3570	Tunnel_Well	108	608	0
705.7453	3520.0778	-66.2814	Tunnel_Well	108	609	0
706.4952	3520.0665	-67.3522	Tunnel_Well	108	610	0
707.0477	3520.0539	-68.5370	Tunnel_Well	108	611	0
707.3861	3520.0406	-69.7997	Tunnel_Well	108	612	0
707.5000	3490.0285	-70.7848	Tunnel_Well	108	613	0
707.3861	3490.0147	-72.0871	Tunnel_Well	108	614	0
707.0477	3490.0014	-73.3498	Tunnel_Well	108	615	0
706.4952	3489.9889	-74.5346	Tunnel_Well	108	616	0
705.7453	3489.9775	-75.6055	Tunnel_Well	108	617	0
704.8209	3489.9678	-76.5298	Tunnel_Well	108	618	0
703.7500	3489.9598	-77.2796	Tunnel_Well	108	619	0
702.5652	3489.9540	-77.8321	Tunnel_Well	108	620	0
701.3024	3489.9504	-78.1705	Tunnel_Well	108	621	0
700.0000	3489.9492	-78.2844	Tunnel_Well	108	622	0
698.6976	3489.9504	-78.1705	Tunnel_Well	108	623	0
697.4348	3489.9540	-77.8321	Tunnel_Well	108	624	0
696.2500	3489.9598	-77.2796	Tunnel_Well	108	625	0
695.1791	3489.9678	-76.5298	Tunnel_Well	108	626	0
694.2547	3489.9775	-75.6055	Tunnel_Well	108	627	0
693.5048	3489.9889	-74.5346	Tunnel_Well	108	628	0
692.9523	3490.0014	-73.3498	Tunnel_Well	108	629	0
692.6139	3490.0147	-72.0871	Tunnel_Well	108	630	0
692.5000	3490.0285	-70.7848	Tunnel_Well	108	631	0
692.6139	3490.0423	-69.4825	Tunnel_Well	108	632	0
692.9523	3490.0556	-68.2198	Tunnel_Well	108	633	0
693.5048	3490.0682	-67.0350	Tunnel_Well	108	634	0
694.2547	3490.0795	-65.9642	Tunnel_Well	108	635	0
695.1791	3490.0892	-65.0398	Tunnel_Well	108	636	0
696.2500	3490.0972	-64.2900	Tunnel_Well	108	637	0
697.4348	3490.1030	-63.7375	Tunnel_Well	108	638	0
698.6976	3490.1066	-63.3992	Tunnel_Well	108	639	0
700.0000	3490.1078	-63.2852	Tunnel_Well	108	640	0
701.3024	3490.1066	-63.3992	Tunnel_Well	108	641	0
702.5652	3490.1030	-63.7375	Tunnel_Well	108	642	0
703.7500	3490.0972	-64.2900	Tunnel_Well	108	643	0
704.8209	3490.0892	-65.0398	Tunnel_Well	108	644	0
705.7453	3490.0795	-65.9642	Tunnel_Well	108	645	0
706.4952	3490.0682	-67.0350	Tunnel_Well	108	646	0
707.0477	3490.0556	-68.2198	Tunnel_Well	108	647	0
707.3861	3490.0423	-69.4825	Tunnel_Well	108	648	0
707.5000	3460.0302	-70.4676	Tunnel_Well	108	649	0
707.3861	3460.0164	-71.7699	Tunnel_Well	108	650	0
707.0477	3460.0031	-73.0326	Tunnel_Well	108	651	0
706.4952	3459.9905	-74.2174	Tunnel_Well	108	652	0
705.7453	3459.9792	-75.2883	Tunnel_Well	108	653	0
704.8209	3459.9694	-76.2127	Tunnel_Well	108	654	0
703.7500	3459.9615	-76.9625	Tunnel_Well	108	655	0
702.5652	3459.9557	-77.5149	Tunnel_Well	108	656	0
701.3024	3459.9521	-77.8533	Tunnel_Well	108	657	0
700.0000	3459.9509	-77.9672	Tunnel_Well	108	658	0
698.6976	3459.9521	-77.8533	Tunnel_Well	108	659	0
697.4348	3459.9557	-77.5149	Tunnel_Well	108	660	0
696.2500	3459.9615	-76.9625	Tunnel_Well	108	661	0
695.1791	3459.9694	-76.2127	Tunnel_Well	108	662	0
694.2547	3459.9792	-75.2883	Tunnel_Well	108	663	0
693.5048	3459.9905	-74.2174	Tunnel_Well	108	664	0
692.9523	3460.0031	-73.0326	Tunnel_Well	108	665	0
692.6139	3460.0164	-71.7699	Tunnel_Well	108	666	0
692.5000	3460.0302	-70.4676	Tunnel_Well	108	667	0
692.6139	3460.0440	-69.1654	Tunnel_Well	108	668	0
692.9523	3460.0573	-67.9026	Tunnel_Well	108	669	0
693.5048	3460.0698	-66.7178	Tunnel_Well	108	670	0
694.2547	3460.0812	-65.6470	Tunnel_Well	108	671	0
695.1791	3460.0909	-64.7226	Tunnel_Well	108	672	0
696.2500	3460.0989	-63.9728	Tunnel_Well	108	673	0
697.4348	3460.1047	-63.4203	Tunnel_Well	108	674	0
698.6976	3460.1083	-63.0820	Tunnel_Well	108	675	0
700.0000	3460.1095	-62.9681	Tunnel_Well	108	676	0
701.3024	3460.1083	-63.0820	Tunnel_Well	108	677	0
702.5652	3460.1047	-63.4203	Tunnel_Well	108	678	0
703.7500	3460.0989	-63.9728	Tunnel_Well	108	679	0
704.8209	3460.0909	-64.7226	Tunnel_Well	108	680	0
705.7453	3460.0812	-65.6470	Tunnel_Well	108	681	0
706.4952	3460.0698	-66.7178	Tunnel_Well	108	682	0
707.0477	3460.0573	-67.9026	Tunnel_Well	108	683	0
707.3861	3460.0440	-69.1654	Tunnel_Well	108	684	0
707.5000	3430.0319	-70.1505	Tunnel_Well	108	685	0
707.3861	3430.0181	-71.4528	Tunnel_Well	108	686	0
707.0477	3430.0047	-72.7155	Tunnel_Well	108	687	0
706.4952	3429.9922	-73.9003	Tunnel_Well	108	688	0
705.7453	3429.9809	-74.9711	Tunnel_Well	108	689	0
704.8209	3429.9711	-75.8955	Tunnel_Well	108	690	0
703.7500	3429.9632	-76.6453	Tunnel_Well	108	691	0
702.5652	3429.9573	-77.1978	Tunnel_Well	108	692	0
701.3024	3429.9538	-77.5361	Tunnel_Well	108	693	0
700.0000	3429.9526	-77.6500	Tunnel_Well	108	694	0
698.6976	3429.9538	-77.5361	Tunnel_Well	108	695	0
697.4348	3429.9573	-77.1978	Tunnel_Well	108	696	0
696.2500	3429.9632	-76.6453	Tunnel_Well	108	697	0
695.1791	3429.9711	-75.8955	Tunnel_Well	108	698	0
694.2547	3429.9809	-74.9711	Tunnel_Well	108	699	0
693.5048	3429.9922	-73.9003	Tunnel_Well	108	700	0
692.9523	3430.0047	-72.7155	Tunnel_Well	108	701	0
692.6139	3430.0181	-71.4528	Tunnel_Well	108	702	0
692.5000	3430.0319	-70.1505	Tunnel_Well	108	703	0
692.6139	3430.0456	-68.8482	Tunnel_Well	108	704	0
692.9523	3430.0590	-67.5855	Tunnel_Well	108	705	0
693.5048	3430.0715	-66.4007	Tunnel_Well	108	706	0
694.2547	3430.0828	-65.3298	Tunnel_Well	108	707	0
695.1791	3430.0926	-64.4054	Tunnel_Well	108	708	0
696.2500	3430.1005	-63.6556	Tunnel_Well	108	709	0
697.4348	3430.1064	-63.1032	Tunnel_Well	108	710	0
698.6976	3430.1099	-62.7648	Tunnel_Well	108	711	0
700.0000	3430.1112	-62.6509	Tunnel_Well	108	712	0
701.3024	3430.1099	-62.7648	Tunnel_Well	108	713	0
702.5652	3430.1064	-63.1032	Tunnel_Well	108	714	0
703.7500	3430.1005	-63.6556	Tunnel_Well	108	715	0
704.8209	3430.0926	-64.4054	Tunnel_Well	108	716	0
705.7453	3430.0828	-65.3298	Tunnel_Well	108	717	0
706.4952	3430.0715	-66.4007	Tunnel_Well	108	718	0
707.0477	3430.0590	-67.5855	Tunnel_Well	108	719	0
707.3861	3430.0456	-68.8482	Tunnel_Well	108	720	0
707.5000	3403.1642	-69.8664	Tunnel_Well	108	721	0
707.3861	3403.1504	-71.1687	Tunnel_Well	108	722	0
707.0477	3403.1371	-72.4314	Tunnel_Well	108	723	0
706.4952	3403.1245	-73.6162	Tunnel_Well	108	724	0
705.7453	3403.1132	-74.6870	Tunnel_Well	108	725	0
704.8209	3403.1034	-75.6114	Tunnel_Well	108	726	0
703.7500	3403.0955	-76.3612	Tunnel_Well	108	727	0
702.5652	3403.0897	-76.9137	Tunnel_Well	108	728	0
701.3024	3403.0861	-77.2520	Tunnel_Well	108	729	0
700.0000	3403.0849	-77.3660	Tunnel_Well	108	730	0
698.6976	3403.0861	-77.2520	Tunnel_Well	108	731	0
697.4348	3403.0897	-76.9137	Tunnel_Well	108	732	0
696.2500	3403.0955	-76.3612	Tunnel_Well	108	733	0
695.1791	3403.1034	-75.6114	Tunnel_Well	108	734	0
694.2547	3403.1132	-74.6870	Tunnel_Well	108	735	0
693.5048	3403.1245	-73.6162	Tunnel_Well	108	736	0
692.9523	3403.1371	-72.4314	Tunnel_Well	108	737	0
692.6139	3403.1504	-71.1687	Tunnel_Well	108	738	0
692.5000	3403.1642	-69.8664	Tunnel_Well	108	739	0
692.6139	3403.1779	-68.5641	Tunnel_Well	108	740	0
692.9523	3403.1913	-67.3014	Tunnel_Well	108	741	0
693.5048	3403.2038	-66.1166	Tunnel_Well	108	742	0
694.2547	3403.2151	-65.0457	Tunnel_Well	108	743	0
695.1791	3403.2249	-64.1214	Tunnel_Well	108	744	0
696.2500	3403.2328	-63.3716	Tunnel_Well	108	745	0
697.4348	3403.2387	-62.8191	Tunnel_Well	108	746	0
698.6976	3403.2423	-62.4807	Tunnel_Well	108	747	0
700.0000	3403.2435	-62.3668	Tunnel_Well	108	748	0
701.3024	3403.2423	-62.4807	Tunnel_Well	108	749	0
702.5652	3403.2387	-62.8191	Tunnel_Well	108	750	0
703.7500	3403.2328	-63.3716	Tunnel_Well	108	751	0
704.8209	3403.2249	-64.1214	Tunnel_Well	108	752	0
705.7453	3403.2151	-65.0457	Tunnel_Well	108	753	0
706.4952	3403.2038	-66.1166	Tunnel_Well	108	754	0
707.0477	3403.1913	-67.3014	Tunnel_Well	108	755	0
707.3861	3403.1779	-68.5641	Tunnel_Well	108	756	0
