x	y	z	Name	Id	Vertex Index	PType
707.5000	3868.3207	66.1856	Tunnel_Well	98	1	0
707.3861	3868.3026	64.8833	Tunnel_Well	98	2	0
707.0477	3868.2851	63.6207	Tunnel_Well	98	3	0
706.4952	3868.2686	62.4359	Tunnel_Well	98	4	0
705.7453	3868.2537	61.3651	Tunnel_Well	98	5	0
704.8209	3868.2409	60.4408	Tunnel_Well	98	6	0
703.7500	3868.2305	59.6910	Tunnel_Well	98	7	0
702.5652	3868.2228	59.1386	Tunnel_Well	98	8	0
701.3024	3868.2181	58.8002	Tunnel_Well	98	9	0
700.0000	3868.2165	58.6863	Tunnel_Well	98	10	0
698.6976	3868.2181	58.8002	Tunnel_Well	98	11	0
697.4348	3868.2228	59.1386	Tunnel_Well	98	12	0
696.2500	3868.2305	59.6910	Tunnel_Well	98	13	0
695.1791	3868.2409	60.4408	Tunnel_Well	98	14	0
694.2547	3868.2537	61.3651	Tunnel_Well	98	15	0
693.5048	3868.2686	62.4359	Tunnel_Well	98	16	0
692.9523	3868.2851	63.6207	Tunnel_Well	98	17	0
692.6139	3868.3026	64.8833	Tunnel_Well	98	18	0
692.5000	3868.3207	66.1856	Tunnel_Well	98	19	0
692.6139	3868.3388	67.4878	Tunnel_Well	98	20	0
692.9523	3868.3563	68.7505	Tunnel_Well	98	21	0
693.5048	3868.3728	69.9352	Tunnel_Well	98	22	0
694.2547	3868.3877	71.0060	Tunnel_Well	98	23	0
695.1791	3868.4005	71.9303	Tunnel_Well	98	24	0
696.2500	3868.4109	72.6801	Tunnel_Well	98	25	0
697.4348	3868.4186	73.2326	Tunnel_Well	98	26	0
698.6976	3868.4233	73.5709	Tunnel_Well	98	27	0
700.0000	3868.4249	73.6848	Tunnel_Well	98	28	0
701.3024	3868.4233	73.5709	Tunnel_Well	98	29	0
702.5652	3868.4186	73.2326	Tunnel_Well	98	30	0
703.7500	3868.4109	72.6801	Tunnel_Well	98	31	0
704.8209	3868.4005	71.9303	Tunnel_Well	98	32	0
705.7453	3868.3877	71.0060	Tunnel_Well	98	33	0
706.4952	3868.3728	69.9352	Tunnel_Well	98	34	0
707.0477	3868.3563	68.7505	Tunnel_Well	98	35	0
707.3861	3868.3388	67.4878	Tunnel_Well	98	36	0
707.5000	3838.3236	66.6024	Tunnel_Well	98	37	0
707.3861	3838.3055	65.3001	Tunnel_Well	98	38	0
707.0477	3838.2880	64.0374	Tunnel_Well	98	39	0
706.4952	3838.2715	62.8527	Tunnel_Well	98	40	0
705.7453	3838.2566	61.7819	Tunnel_Well	98	41	0
704.8209	3838.2438	60.8576	Tunnel_Well	98	42	0
703.7500	3838.2334	60.1078	Tunnel_Well	98	43	0
702.5652	3838.2257	59.5553	Tunnel_Well	98	44	0
701.3024	3838.2210	59.2170	Tunnel_Well	98	45	0
700.0000	3838.2194	59.1031	Tunnel_Well	98	46	0
698.6976	3838.2210	59.2170	Tunnel_Well	98	47	0
697.4348	3838.2257	59.5553	Tunnel_Well	98	48	0
696.2500	3838.2334	60.1078	Tunnel_Well	98	49	0
695.1791	3838.2438	60.8576	Tunnel_Well	98	50	0
694.2547	3838.2566	61.7819	Tunnel_Well	98	51	0
693.5048	3838.2715	62.8527	Tunnel_Well	98	52	0
692.9523	3838.2880	64.0374	Tunnel_Well	98	53	0
692.6139	3838.3055	65.3001	Tunnel_Well	98	54	0
692.5000	3838.3236	66.6024	Tunnel_Well	98	55	0
692.6139	3838.3417	67.9046	Tunnel_Well	98	56	0
692.9523	3838.3592	69.1673	Tunnel_Well	98	57	0
693.5048	3838.3757	70.3520	Tunnel_Well	98	58	0
694.2547	3838.3906	71.4228	Tunnel_Well	98	59	0
695.1791	3838.4034	72.3471	Tunnel_Well	98	60	0
696.2500	3838.4138	73.0969	Tunnel_Well	98	61	0
697.4348	3838.4215	73.6494	Tunnel_Well	98	62	0
698.6976	3838.4262	73.9877	Tunnel_Well	98	63	0
700.0000	3838.4278	74.1016	Tunnel_Well	98	64	0
701.3024	3838.4262	73.9877	Tunnel_Well	98	65	0
702.5652	3838.4215	73.6494	Tunnel_Well	98	66	0
703.7500	3838.4138	73.0969	Tunnel_Well	98	67	0
704.8209	3838.4034	72.3471	Tunnel_Well	98	68	0
705.7453	3838.3906	71.4228	Tunnel_Well	98	69	0
706.4952	3838.3757	70.3520	Tunnel_Well	98	70	0
707.0477	3838.3592	69.1673	Tunnel_Well	98	71	0
707.3861	3838.3417	67.9046	Tunnel_Well	98	72	0
707.5000	3808.3265	67.0191	Tunnel_Well	98	73	0
707.3861	3808.3084	65.7169	Tunnel_Well	98	74	0
707.0477	3808.2909	64.4542	Tunnel_Well	98	75	0
706.4952	3808.2744	63.2695	Tunnel_Well	98	76	0
705.7453	3808.2595	62.1987	Tunnel_Well	98	77	0
704.8209	3808.2467	61.2744	Tunnel_Well	98	78	0
703.7500	3808.2363	60.5246	Tunnel_Well	98	79	0
702.5652	3808.2286	59.9721	Tunnel_Well	98	80	0
701.3024	3808.2239	59.6338	Tunnel_Well	98	81	0
700.0000	3808.2223	59.5199	Tunnel_Well	98	82	0
698.6976	3808.2239	59.6338	Tunnel_Well	98	83	0
697.4348	3808.2286	59.9721	Tunnel_Well	98	84	0
696.2500	3808.2363	60.5246	Tunnel_Well	98	85	0
695.1791	3808.2467	61.2744	Tunnel_Well	98	86	0
694.2547	3808.2595	62.1987	Tunnel_Well	98	87	0
693.5048	3808.2744	63.2695	Tunnel_Well	98	88	0
692.9523	3808.2909	64.4542	Tunnel_Well	98	89	0
692.6139	3808.3084	65.7169	Tunnel_Well	98	90	0
692.5000	3808.3265	67.0191	Tunnel_Well	98	91	0
692.6139	3808.3446	68.3214	Tunnel_Well	98	92	0
692.9523	3808.3621	69.5840	Tunnel_Well	98	93	0
693.5048	3808.3786	70.7688	Tunnel_Well	98	94	0
694.2547	3808.3935	71.8396	Tunnel_Well	98	95	0
695.1791	3808.4063	72.7639	Tunnel_Well	98	96	0
696.2500	3808.4167	73.5137	Tunnel_Well	98	97	0
697.4348	3808.4244	74.0661	Tunnel_Well	98	98	0
698.6976	3808.4291	74.4045	Tunnel_Well	98	99	0
700.0000	3808.4307	74.5184	Tunnel_Well	98	100	0
701.3024	3808.4291	74.4045	Tunnel_Well	98	101	0
702.5652	3808.4244	74.0661	Tunnel_Well	98	102	0
703.7500	3808.4167	73.5137	Tunnel_Well	98	103	0
704.8209	3808.4063	72.7639	Tunnel_Well	98	104	0
705.7453	3808.3935	71.8396	Tunnel_Well	98	105	0
706.4952	3808.3786	70.7688	Tunnel_Well	98	106	0
707.0477	3808.3621	69.5840	Tunnel_Well	98	107	0
707.3861	3808.3446	68.3214	Tunnel_Well	98	108	0
707.5000	3778.3294	67.4359	Tunnel_Well	98	109	0
707.3861	3778.3113	66.1337	Tunnel_Well	98	110	0
707.0477	3778.2938	64.8710	Tunnel_Well	98	111	0
706.4952	3778.2773	63.6863	Tunnel_Well	98	112	0
705.7453	3778.2624	62.6155	Tunnel_Well	98	113	0
704.8209	3778.2496	61.6911	Tunnel_Well	98	114	0
703.7500	3778.2392	60.9414	Tunnel_Well	98	115	0
702.5652	3778.2315	60.3889	Tunnel_Well	98	116	0
701.3024	3778.2268	60.0506	Tunnel_Well	98	117	0
700.0000	3778.2252	59.9366	Tunnel_Well	98	118	0
698.6976	3778.2268	60.0506	Tunnel_Well	98	119	0
697.4348	3778.2315	60.3889	Tunnel_Well	98	120	0
696.2500	3778.2392	60.9414	Tunnel_Well	98	121	0
695.1791	3778.2496	61.6911	Tunnel_Well	98	122	0
694.2547	3778.2624	62.6155	Tunnel_Well	98	123	0
693.5048	3778.2773	63.6863	Tunnel_Well	98	124	0
692.9523	3778.2938	64.8710	Tunnel_Well	98	125	0
692.6139	3778.3113	66.1337	Tunnel_Well	98	126	0
692.5000	3778.3294	67.4359	Tunnel_Well	98	127	0
692.6139	3778.3475	68.7382	Tunnel_Well	98	128	0
692.9523	3778.3650	70.0008	Tunnel_Well	98	129	0
693.5048	3778.3815	71.1856	Tunnel_Well	98	130	0
694.2547	3778.3964	72.2564	Tunnel_Well	98	131	0
695.1791	3778.4092	73.1807	Tunnel_Well	98	132	0
696.2500	3778.4196	73.9305	Tunnel_Well	98	133	0
697.4348	3778.4273	74.4829	Tunnel_Well	98	134	0
698.6976	3778.4320	74.8213	Tunnel_Well	98	135	0
700.0000	3778.4336	74.9352	Tunnel_Well	98	136	0
701.3024	3778.4320	74.8213	Tunnel_Well	98	137	0
702.5652	3778.4273	74.4829	Tunnel_Well	98	138	0
703.7500	3778.4196	73.9305	Tunnel_Well	98	139	0
704.8209	3778.4092	73.1807	Tunnel_Well	98	140	0
705.7453	3778.3964	72.2564	Tunnel_Well	98	141	0
706.4952	3778.3815	71.1856	Tunnel_Well	98	142	0
707.0477	3778.3650	70.0008	Tunnel_Well	98	143	0
707.3861	3778.3475	68.7382	Tunnel_Well	98	144	0
707.5000	3748.3323	67.8527	Tunnel_Well	98	145	0
707.3861	3748.3142	66.5505	Tunnel_Well	98	146	0
707.0477	3748.2967	65.2878	Tunnel_Well	98	147	0
706.4952	3748.2802	64.1031	Tunnel_Well	98	148	0
705.7453	3748.2653	63.0323	Tunnel_Well	98	149	0
704.8209	3748.2525	62.1079	Tunnel_Well	98	150	0
703.7500	3748.2421	61.3581	Tunnel_Well	98	151	0
702.5652	3748.2344	60.8057	Tunnel_Well	98	152	0
701.3024	3748.2297	60.4674	Tunnel_Well	98	153	0
700.0000	3748.2281	60.3534	Tunnel_Well	98	154	0
698.6976	3748.2297	60.4674	Tunnel_Well	98	155	0
697.4348	3748.2344	60.8057	Tunnel_Well	98	156	0
696.2500	3748.2421	61.3581	Tunnel_Well	98	157	0
695.1791	3748.2525	62.1079	Tunnel_Well	98	158	0
694.2547	3748.2653	63.0323	Tunnel_Well	98	159	0
693.5048	3748.2802	64.1031	Tunnel_Well	98	160	0
692.9523	3748.2967	65.2878	Tunnel_Well	98	161	0
692.6139	3748.3142	66.5505	Tunnel_Well	98	162	0
692.5000	3748.3323	67.8527	Tunnel_Well	98	163	0
692.6139	3748.3504	69.1549	Tunnel_Well	98	164	0
692.9523	3748.3679	70.4176	Tunnel_Well	98	165	0
693.5048	3748.3844	71.6023	Tunnel_Well	98	166	0
694.2547	3748.3993	72.6731	Tunnel_Well	98	167	0
695.1791	3748.4121	73.5975	Tunnel_Well	98	168	0
696.2500	3748.4225	74.3473	Tunnel_Well	98	169	0
697.4348	3748.4302	74.8997	Tunnel_Well	98	170	0
698.6976	3748.4349	75.2380	Tunnel_Well	98	171	0
700.0000	3748.4365	75.3520	Tunnel_Well	98	172	0
701.3024	3748.4349	75.2380	Tunnel_Well	98	173	0
702.5652	3748.4302	74.8997	Tunnel_Well	98	174	0
703.7500	3748.4225	74.3473	Tunnel_Well	98	175	0
704.8209	3748.4121	73.5975	Tunnel_Well	98	176	0
705.7453	3748.3993	72.6731	Tunnel_Well	98	177	0
706.4952	3748.3844	71.6023	Tunnel_Well	98	178	0
707.0477	3748.3679	70.4176	Tunnel_Well	98	179	0
707.3861	3748.3504	69.1549	Tunnel_Well	98	180	0
707.5000	3718.3352	68.2695	Tunnel_Well	98	181	0
707.3861	3718.3171	66.9673	Tunnel_Well	98	182	0
707.0477	3718.2996	65.7046	Tunnel_Well	98	183	0
706.4952	3718.2831	64.5199	Tunnel_Well	98	184	0
705.7453	3718.2682	63.4490	Tunnel_Well	98	185	0
704.8209	3718.2554	62.5247	Tunnel_Well	98	186	0
703.7500	3718.2450	61.7749	Tunnel_Well	98	187	0
702.5652	3718.2373	61.2225	Tunnel_Well	98	188	0
701.3024	3718.2326	60.8841	Tunnel_Well	98	189	0
700.0000	3718.2310	60.7702	Tunnel_Well	98	190	0
698.6976	3718.2326	60.8841	Tunnel_Well	98	191	0
697.4348	3718.2373	61.2225	Tunnel_Well	98	192	0
696.2500	3718.2450	61.7749	Tunnel_Well	98	193	0
695.1791	3718.2554	62.5247	Tunnel_Well	98	194	0
694.2547	3718.2682	63.4490	Tunnel_Well	98	195	0
693.5048	3718.2831	64.5199	Tunnel_Well	98	196	0
692.9523	3718.2996	65.7046	Tunnel_Well	98	197	0
692.6139	3718.3171	66.9673	Tunnel_Well	98	198	0
692.5000	3718.3352	68.2695	Tunnel_Well	98	199	0
692.6139	3718.3533	69.5717	Tunnel_Well	98	200	0
692.9523	3718.3708	70.8344	Tunnel_Well	98	201	0
693.5048	3718.3873	72.0191	Tunnel_Well	98	202	0
694.2547	3718.4022	73.0899	Tunnel_Well	98	203	0
695.1791	3718.4150	74.0143	Tunnel_Well	98	204	0
696.2500	3718.4254	74.7641	Tunnel_Well	98	205	0
697.4348	3718.4331	75.3165	Tunnel_Well	98	206	0
698.6976	3718.4378	75.6548	Tunnel_Well	98	207	0
700.0000	3718.4394	75.7688	Tunnel_Well	98	208	0
701.3024	3718.4378	75.6548	Tunnel_Well	98	209	0
702.5652	3718.4331	75.3165	Tunnel_Well	98	210	0
703.7500	3718.4254	74.7641	Tunnel_Well	98	211	0
704.8209	3718.4150	74.0143	Tunnel_Well	98	212	0
705.7453	3718.4022	73.0899	Tunnel_Well	98	213	0
706.4952	3718.3873	72.0191	Tunnel_Well	98	214	0
707.0477	3718.3708	70.8344	Tunnel_Well	98	215	0
707.3861	3718.3533	69.5717	Tunnel_Well	98	216	0
707.5000	3688.3381	68.6863	Tunnel_Well	98	217	0
707.3861	3688.3200	67.3840	Tunnel_Well	98	218	0
707.0477	3688.3024	66.1214	Tunnel_Well	98	219	0
706.4952	3688.2860	64.9366	Tunnel_Well	98	220	0
705.7453	3688.2711	63.8658	Tunnel_Well	98	221	0
704.8209	3688.2583	62.9415	Tunnel_Well	98	222	0
703.7500	3688.2478	62.1917	Tunnel_Well	98	223	0
702.5652	3688.2402	61.6393	Tunnel_Well	98	224	0
701.3024	3688.2355	61.3009	Tunnel_Well	98	225	0
700.0000	3688.2339	61.1870	Tunnel_Well	98	226	0
698.6976	3688.2355	61.3009	Tunnel_Well	98	227	0
697.4348	3688.2402	61.6393	Tunnel_Well	98	228	0
696.2500	3688.2478	62.1917	Tunnel_Well	98	229	0
695.1791	3688.2583	62.9415	Tunnel_Well	98	230	0
694.2547	3688.2711	63.8658	Tunnel_Well	98	231	0
693.5048	3688.2860	64.9366	Tunnel_Well	98	232	0
692.9523	3688.3024	66.1214	Tunnel_Well	98	233	0
692.6139	3688.3200	67.3840	Tunnel_Well	98	234	0
692.5000	3688.3381	68.6863	Tunnel_Well	98	235	0
692.6139	3688.3562	69.9885	Tunnel_Well	98	236	0
692.9523	3688.3737	71.2512	Tunnel_Well	98	237	0
693.5048	3688.3902	72.4359	Tunnel_Well	98	238	0
694.2547	3688.4051	73.5067	Tunnel_Well	98	239	0
695.1791	3688.4179	74.4311	Tunnel_Well	98	240	0
696.2500	3688.4283	75.1808	Tunnel_Well	98	241	0
697.4348	3688.4360	75.7333	Tunnel_Well	98	242	0
698.6976	3688.4407	76.0716	Tunnel_Well	98	243	0
700.0000	3688.4423	76.1855	Tunnel_Well	98	244	0
701.3024	3688.4407	76.0716	Tunnel_Well	98	245	0
702.5652	3688.4360	75.7333	Tunnel_Well	98	246	0
703.7500	3688.4283	75.1808	Tunnel_Well	98	247	0
704.8209	3688.4179	74.4311	Tunnel_Well	98	248	0
705.7453	3688.4051	73.5067	Tunnel_Well	98	249	0
706.4952	3688.3902	72.4359	Tunnel_Well	98	250	0
707.0477	3688.3737	71.2512	Tunnel_Well	98	251	0
707.3861	3688.3562	69.9885	Tunnel_Well	98	252	0
707.5000	3658.3410	69.1031	Tunnel_Well	98	253	0
707.3861	3658.3229	67.8008	Tunnel_Well	98	254	0
707.0477	3658.3053	66.5382	Tunnel_Well	98	255	0
706.4952	3658.2889	65.3534	Tunnel_Well	98	256	0
705.7453	3658.2740	64.2826	Tunnel_Well	98	257	0
704.8209	3658.2612	63.3583	Tunnel_Well	98	258	0
703.7500	3658.2507	62.6085	Tunnel_Well	98	259	0
702.5652	3658.2431	62.0560	Tunnel_Well	98	260	0
701.3024	3658.2384	61.7177	Tunnel_Well	98	261	0
700.0000	3658.2368	61.6038	Tunnel_Well	98	262	0
698.6976	3658.2384	61.7177	Tunnel_Well	98	263	0
697.4348	3658.2431	62.0560	Tunnel_Well	98	264	0
696.2500	3658.2507	62.6085	Tunnel_Well	98	265	0
695.1791	3658.2612	63.3583	Tunnel_Well	98	266	0
694.2547	3658.2740	64.2826	Tunnel_Well	98	267	0
693.5048	3658.2889	65.3534	Tunnel_Well	98	268	0
692.9523	3658.3053	66.5382	Tunnel_Well	98	269	0
692.6139	3658.3229	67.8008	Tunnel_Well	98	270	0
692.5000	3658.3410	69.1031	Tunnel_Well	98	271	0
692.6139	3658.3591	70.4053	Tunnel_Well	98	272	0
692.9523	3658.3766	71.6680	Tunnel_Well	98	273	0
693.5048	3658.3931	72.8527	Tunnel_Well	98	274	0
694.2547	3658.4080	73.9235	Tunnel_Well	98	275	0
695.1791	3658.4208	74.8478	Tunnel_Well	98	276	0
696.2500	3658.4312	75.5976	Tunnel_Well	98	277	0
697.4348	3658.4389	76.1501	Tunnel_Well	98	278	0
698.6976	3658.4436	76.4884	Tunnel_Well	98	279	0
700.0000	3658.4452	76.6023	Tunnel_Well	98	280	0
701.3024	3658.4436	76.4884	Tunnel_Well	98	281	0
702.5652	3658.4389	76.1501	Tunnel_Well	98	282	0
703.7500	3658.4312	75.5976	Tunnel_Well	98	283	0
704.8209	3658.4208	74.8478	Tunnel_Well	98	284	0
705.7453	3658.4080	73.9235	Tunnel_Well	98	285	0
706.4952	3658.3931	72.8527	Tunnel_Well	98	286	0
707.0477	3658.3766	71.6680	Tunnel_Well	98	287	0
707.3861	3658.3591	70.4053	Tunnel_Well	98	288	0
707.5000	3628.3439	69.5198	Tunnel_Well	98	289	0
707.3861	3628.3258	68.2176	Tunnel_Well	98	290	0
707.0477	3628.3082	66.9549	Tunnel_Well	98	291	0
706.4952	3628.2918	65.7702	Tunnel_Well	98	292	0
705.7453	3628.2769	64.6994	Tunnel_Well	98	293	0
704.8209	3628.2641	63.7751	Tunnel_Well	98	294	0
703.7500	3628.2536	63.0253	Tunnel_Well	98	295	0
702.5652	3628.2460	62.4728	Tunnel_Well	98	296	0
701.3024	3628.2413	62.1345	Tunnel_Well	98	297	0
700.0000	3628.2397	62.0206	Tunnel_Well	98	298	0
698.6976	3628.2413	62.1345	Tunnel_Well	98	299	0
697.4348	3628.2460	62.4728	Tunnel_Well	98	300	0
696.2500	3628.2536	63.0253	Tunnel_Well	98	301	0
695.1791	3628.2641	63.7751	Tunnel_Well	98	302	0
694.2547	3628.2769	64.6994	Tunnel_Well	98	303	0
693.5048	3628.2918	65.7702	Tunnel_Well	98	304	0
692.9523	3628.3082	66.9549	Tunnel_Well	98	305	0
692.6139	3628.3258	68.2176	Tunnel_Well	98	306	0
692.5000	3628.3439	69.5198	Tunnel_Well	98	307	0
692.6139	3628.3620	70.8221	Tunnel_Well	98	308	0
692.9523	3628.3795	72.0847	Tunnel_Well	98	309	0
693.5048	3628.3960	73.2695	Tunnel_Well	98	310	0
694.2547	3628.4108	74.3403	Tunnel_Well	98	311	0
695.1791	3628.4237	75.2646	Tunnel_Well	98	312	0
696.2500	3628.4341	76.0144	Tunnel_Well	98	313	0
697.4348	3628.4418	76.5669	Tunnel_Well	98	314	0
698.6976	3628.4465	76.9052	Tunnel_Well	98	315	0
700.0000	3628.4481	77.0191	Tunnel_Well	98	316	0
701.3024	3628.4465	76.9052	Tunnel_Well	98	317	0
702.5652	3628.4418	76.5669	Tunnel_Well	98	318	0
703.7500	3628.4341	76.0144	Tunnel_Well	98	319	0
704.8209	3628.4237	75.2646	Tunnel_Well	98	320	0
705.7453	3628.4108	74.3403	Tunnel_Well	98	321	0
706.4952	3628.3960	73.2695	Tunnel_Well	98	322	0
707.0477	3628.3795	72.0847	Tunnel_Well	98	323	0
707.3861	3628.3620	70.8221	Tunnel_Well	98	324	0
707.5000	3598.3468	69.9366	Tunnel_Well	98	325	0
707.3861	3598.3287	68.6344	Tunnel_Well	98	326	0
707.0477	3598.3111	67.3717	Tunnel_Well	98	327	0
706.4952	3598.2947	66.1870	Tunnel_Well	98	328	0
705.7453	3598.2798	65.1162	Tunnel_Well	98	329	0
704.8209	3598.2669	64.1918	Tunnel_Well	98	330	0
703.7500	3598.2565	63.4421	Tunnel_Well	98	331	0
702.5652	3598.2489	62.8896	Tunnel_Well	98	332	0
701.3024	3598.2442	62.5513	Tunnel_Well	98	333	0
700.0000	3598.2426	62.4373	Tunnel_Well	98	334	0
698.6976	3598.2442	62.5513	Tunnel_Well	98	335	0
697.4348	3598.2489	62.8896	Tunnel_Well	98	336	0
696.2500	3598.2565	63.4421	Tunnel_Well	98	337	0
695.1791	3598.2669	64.1918	Tunnel_Well	98	338	0
694.2547	3598.2798	65.1162	Tunnel_Well	98	339	0
693.5048	3598.2947	66.1870	Tunnel_Well	98	340	0
692.9523	3598.3111	67.3717	Tunnel_Well	98	341	0
692.6139	3598.3287	68.6344	Tunnel_Well	98	342	0
692.5000	3598.3468	69.9366	Tunnel_Well	98	343	0
692.6139	3598.3649	71.2389	Tunnel_Well	98	344	0
692.9523	3598.3824	72.5015	Tunnel_Well	98	345	0
693.5048	3598.3989	73.6863	Tunnel_Well	98	346	0
694.2547	3598.4137	74.7571	Tunnel_Well	98	347	0
695.1791	3598.4266	75.6814	Tunnel_Well	98	348	0
696.2500	3598.4370	76.4312	Tunnel_Well	98	349	0
697.4348	3598.4447	76.9836	Tunnel_Well	98	350	0
698.6976	3598.4494	77.3220	Tunnel_Well	98	351	0
700.0000	3598.4510	77.4359	Tunnel_Well	98	352	0
701.3024	3598.4494	77.3220	Tunnel_Well	98	353	0
702.5652	3598.4447	76.9836	Tunnel_Well	98	354	0
703.7500	3598.4370	76.4312	Tunnel_Well	98	355	0
704.8209	3598.4266	75.6814	Tunnel_Well	98	356	0
705.7453	3598.4137	74.7571	Tunnel_Well	98	357	0
706.4952	3598.3989	73.6863	Tunnel_Well	98	358	0
707.0477	3598.3824	72.5015	Tunnel_Well	98	359	0
707.3861	3598.3649	71.2389	Tunnel_Well	98	360	0
707.5000	3568.3497	70.3534	Tunnel_Well	98	361	0
707.3861	3568.3316	69.0512	Tunnel_Well	98	362	0
707.0477	3568.3140	67.7885	Tunnel_Well	98	363	0
706.4952	3568.2976	66.6038	Tunnel_Well	98	364	0
705.7453	3568.2827	65.5330	Tunnel_Well	98	365	0
704.8209	3568.2698	64.6086	Tunnel_Well	98	366	0
703.7500	3568.2594	63.8588	Tunnel_Well	98	367	0
702.5652	3568.2518	63.3064	Tunnel_Well	98	368	0
701.3024	3568.2471	62.9681	Tunnel_Well	98	369	0
700.0000	3568.2455	62.8541	Tunnel_Well	98	370	0
698.6976	3568.2471	62.9681	Tunnel_Well	98	371	0
697.4348	3568.2518	63.3064	Tunnel_Well	98	372	0
696.2500	3568.2594	63.8588	Tunnel_Well	98	373	0
695.1791	3568.2698	64.6086	Tunnel_Well	98	374	0
694.2547	3568.2827	65.5330	Tunnel_Well	98	375	0
693.5048	3568.2976	66.6038	Tunnel_Well	98	376	0
692.9523	3568.3140	67.7885	Tunnel_Well	98	377	0
692.6139	3568.3316	69.0512	Tunnel_Well	98	378	0
692.5000	3568.3497	70.3534	Tunnel_Well	98	379	0
692.6139	3568.3678	71.6556	Tunnel_Well	98	380	0
692.9523	3568.3853	72.9183	Tunnel_Well	98	381	0
693.5048	3568.4018	74.1030	Tunnel_Well	98	382	0
694.2547	3568.4166	75.1739	Tunnel_Well	98	383	0
695.1791	3568.4295	76.0982	Tunnel_Well	98	384	0
696.2500	3568.4399	76.8480	Tunnel_Well	98	385	0
697.4348	3568.4476	77.4004	Tunnel_Well	98	386	0
698.6976	3568.4523	77.7388	Tunnel_Well	98	387	0
700.0000	3568.4539	77.8527	Tunnel_Well	98	388	0
701.3024	3568.4523	77.7388	Tunnel_Well	98	389	0
702.5652	3568.4476	77.4004	Tunnel_Well	98	390	0
703.7500	3568.4399	76.8480	Tunnel_Well	98	391	0
704.8209	3568.4295	76.0982	Tunnel_Well	98	392	0
705.7453	3568.4166	75.1739	Tunnel_Well	98	393	0
706.4952	3568.4018	74.1030	Tunnel_Well	98	394	0
707.0477	3568.3853	72.9183	Tunnel_Well	98	395	0
707.3861	3568.3678	71.6556	Tunnel_Well	98	396	0
707.5000	3538.3526	70.7702	Tunnel_Well	98	397	0
707.3861	3538.3345	69.4680	Tunnel_Well	98	398	0
707.0477	3538.3169	68.2053	Tunnel_Well	98	399	0
706.4952	3538.3005	67.0206	Tunnel_Well	98	400	0
705.7453	3538.2856	65.9498	Tunnel_Well	98	401	0
704.8209	3538.2727	65.0254	Tunnel_Well	98	402	0
703.7500	3538.2623	64.2756	Tunnel_Well	98	403	0
702.5652	3538.2546	63.7232	Tunnel_Well	98	404	0
701.3024	3538.2499	63.3848	Tunnel_Well	98	405	0
700.0000	3538.2484	63.2709	Tunnel_Well	98	406	0
698.6976	3538.2499	63.3848	Tunnel_Well	98	407	0
697.4348	3538.2546	63.7232	Tunnel_Well	98	408	0
696.2500	3538.2623	64.2756	Tunnel_Well	98	409	0
695.1791	3538.2727	65.0254	Tunnel_Well	98	410	0
694.2547	3538.2856	65.9498	Tunnel_Well	98	411	0
693.5048	3538.3005	67.0206	Tunnel_Well	98	412	0
692.9523	3538.3169	68.2053	Tunnel_Well	98	413	0
692.6139	3538.3345	69.4680	Tunnel_Well	98	414	0
692.5000	3538.3526	70.7702	Tunnel_Well	98	415	0
692.6139	3538.3707	72.0724	Tunnel_Well	98	416	0
692.9523	3538.3882	73.3351	Tunnel_Well	98	417	0
693.5048	3538.4047	74.5198	Tunnel_Well	98	418	0
694.2547	3538.4195	75.5906	Tunnel_Well	98	419	0
695.1791	3538.4324	76.5150	Tunnel_Well	98	420	0
696.2500	3538.4428	77.2648	Tunnel_Well	98	421	0
697.4348	3538.4505	77.8172	Tunnel_Well	98	422	0
698.6976	3538.4552	78.1555	Tunnel_Well	98	423	0
700.0000	3538.4568	78.2695	Tunnel_Well	98	424	0
701.3024	3538.4552	78.1555	Tunnel_Well	98	425	0
702.5652	3538.4505	77.8172	Tunnel_Well	98	426	0
703.7500	3538.4428	77.2648	Tunnel_Well	98	427	0
704.8209	3538.4324	76.5150	Tunnel_Well	98	428	0
705.7453	3538.4195	75.5906	Tunnel_Well	98	429	0
706.4952	3538.4047	74.5198	Tunnel_Well	98	430	0
707.0477	3538.3882	73.3351	Tunnel_Well	98	431	0
707.3861	3538.3707	72.0724	Tunnel_Well	98	432	0
707.5000	3508.3555	71.1870	Tunnel_Well	98	433	0
707.3861	3508.3374	69.8847	Tunnel_Well	98	434	0
707.0477	3508.3198	68.6221	Tunnel_Well	98	435	0
706.4952	3508.3034	67.4373	Tunnel_Well	98	436	0
705.7453	3508.2885	66.3665	Tunnel_Well	98	437	0
704.8209	3508.2756	65.4422	Tunnel_Well	98	438	0
703.7500	3508.2652	64.6924	Tunnel_Well	98	439	0
702.5652	3508.2575	64.1400	Tunnel_Well	98	440	0
701.3024	3508.2528	63.8016	Tunnel_Well	98	441	0
700.0000	3508.2513	63.6877	Tunnel_Well	98	442	0
698.6976	3508.2528	63.8016	Tunnel_Well	98	443	0
697.4348	3508.2575	64.1400	Tunnel_Well	98	444	0
696.2500	3508.2652	64.6924	Tunnel_Well	98	445	0
695.1791	3508.2756	65.4422	Tunnel_Well	98	446	0
694.2547	3508.2885	66.3665	Tunnel_Well	98	447	0
693.5048	3508.3034	67.4373	Tunnel_Well	98	448	0
692.9523	3508.3198	68.6221	Tunnel_Well	98	449	0
692.6139	3508.3374	69.8847	Tunnel_Well	98	450	0
692.5000	3508.3555	71.1870	Tunnel_Well	98	451	0
692.6139	3508.3735	72.4892	Tunnel_Well	98	452	0
692.9523	3508.3911	73.7519	Tunnel_Well	98	453	0
693.5048	3508.4076	74.9366	Tunnel_Well	98	454	0
694.2547	3508.4224	76.0074	Tunnel_Well	98	455	0
695.1791	3508.4353	76.9318	Tunnel_Well	98	456	0
696.2500	3508.4457	77.6815	Tunnel_Well	98	457	0
697.4348	3508.4534	78.2340	Tunnel_Well	98	458	0
698.6976	3508.4581	78.5723	Tunnel_Well	98	459	0
700.0000	3508.4597	78.6863	Tunnel_Well	98	460	0
701.3024	3508.4581	78.5723	Tunnel_Well	98	461	0
702.5652	3508.4534	78.2340	Tunnel_Well	98	462	0
703.7500	3508.4457	77.6815	Tunnel_Well	98	463	0
704.8209	3508.4353	76.9318	Tunnel_Well	98	464	0
705.7453	3508.4224	76.0074	Tunnel_Well	98	465	0
706.4952	3508.4076	74.9366	Tunnel_Well	98	466	0
707.0477	3508.3911	73.7519	Tunnel_Well	98	467	0
707.3861	3508.3735	72.4892	Tunnel_Well	98	468	0
707.5000	3478.3583	71.6038	Tunnel_Well	98	469	0
707.3861	3478.3403	70.3015	Tunnel_Well	98	470	0
707.0477	3478.3227	69.0389	Tunnel_Well	98	471	0
706.4952	3478.3063	67.8541	Tunnel_Well	98	472	0
705.7453	3478.2914	66.7833	Tunnel_Well	98	473	0
704.8209	3478.2785	65.8590	Tunnel_Well	98	474	0
703.7500	3478.2681	65.1092	Tunnel_Well	98	475	0
702.5652	3478.2604	64.5567	Tunnel_Well	98	476	0
701.3024	3478.2557	64.2184	Tunnel_Well	98	477	0
700.0000	3478.2542	64.1045	Tunnel_Well	98	478	0
698.6976	3478.2557	64.2184	Tunnel_Well	98	479	0
697.4348	3478.2604	64.5567	Tunnel_Well	98	480	0
696.2500	3478.2681	65.1092	Tunnel_Well	98	481	0
695.1791	3478.2785	65.8590	Tunnel_Well	98	482	0
694.2547	3478.2914	66.7833	Tunnel_Well	98	483	0
693.5048	3478.3063	67.8541	Tunnel_Well	98	484	0
692.9523	3478.3227	69.0389	Tunnel_Well	98	485	0
692.6139	3478.3403	70.3015	Tunnel_Well	98	486	0
692.5000	3478.3583	71.6038	Tunnel_Well	98	487	0
692.6139	3478.3764	72.9060	Tunnel_Well	98	488	0
692.9523	3478.3940	74.1687	Tunnel_Well	98	489	0
693.5048	3478.4104	75.3534	Tunnel_Well	98	490	0
694.2547	3478.4253	76.4242	Tunnel_Well	98	491	0
695.1791	3478.4382	77.3485	Tunnel_Well	98	492	0
696.2500	3478.4486	78.0983	Tunnel_Well	98	493	0
697.4348	3478.4563	78.6508	Tunnel_Well	98	494	0
698.6976	3478.4610	78.9891	Tunnel_Well	98	495	0
700.0000	3478.4625	79.1030	Tunnel_Well	98	496	0
701.3024	3478.4610	78.9891	Tunnel_Well	98	497	0
702.5652	3478.4563	78.6508	Tunnel_Well	98	498	0
703.7500	3478.4486	78.0983	Tunnel_Well	98	499	0
704.8209	3478.4382	77.3485	Tunnel_Well	98	500	0
705.7453	3478.4253	76.4242	Tunnel_Well	98	501	0
706.4952	3478.4104	75.3534	Tunnel_Well	98	502	0
707.0477	3478.3940	74.1687	Tunnel_Well	98	503	0
707.3861	3478.3764	72.9060	Tunnel_Well	98	504	0
707.5000	3448.3612	72.0205	Tunnel_Well	98	505	0
707.3861	3448.3432	70.7183	Tunnel_Well	98	506	0
707.0477	3448.3256	69.4556	Tunnel_Well	98	507	0
706.4952	3448.3091	68.2709	Tunnel_Well	98	508	0
705.7453	3448.2943	67.2001	Tunnel_Well	98	509	0
704.8209	3448.2814	66.2758	Tunnel_Well	98	510	0
703.7500	3448.2710	65.5260	Tunnel_Well	98	511	0
702.5652	3448.2633	64.9735	Tunnel_Well	98	512	0
701.3024	3448.2586	64.6352	Tunnel_Well	98	513	0
700.0000	3448.2570	64.5213	Tunnel_Well	98	514	0
698.6976	3448.2586	64.6352	Tunnel_Well	98	515	0
697.4348	3448.2633	64.9735	Tunnel_Well	98	516	0
696.2500	3448.2710	65.5260	Tunnel_Well	98	517	0
695.1791	3448.2814	66.2758	Tunnel_Well	98	518	0
694.2547	3448.2943	67.2001	Tunnel_Well	98	519	0
693.5048	3448.3091	68.2709	Tunnel_Well	98	520	0
692.9523	3448.3256	69.4556	Tunnel_Well	98	521	0
692.6139	3448.3432	70.7183	Tunnel_Well	98	522	0
692.5000	3448.3612	72.0205	Tunnel_Well	98	523	0
692.6139	3448.3793	73.3228	Tunnel_Well	98	524	0
692.9523	3448.3969	74.5855	Tunnel_Well	98	525	0
693.5048	3448.4133	75.7702	Tunnel_Well	98	526	0
694.2547	3448.4282	76.8410	Tunnel_Well	98	527	0
695.1791	3448.4411	77.7653	Tunnel_Well	98	528	0
696.2500	3448.4515	78.5151	Tunnel_Well	98	529	0
697.4348	3448.4592	79.0676	Tunnel_Well	98	530	0
698.6976	3448.4639	79.4059	Tunnel_Well	98	531	0
700.0000	3448.4654	79.5198	Tunnel_Well	98	532	0
701.3024	3448.4639	79.4059	Tunnel_Well	98	533	0
702.5652	3448.4592	79.0676	Tunnel_Well	98	534	0
703.7500	3448.4515	78.5151	Tunnel_Well	98	535	0
704.8209	3448.4411	77.7653	Tunnel_Well	98	536	0
705.7453	3448.4282	76.8410	Tunnel_Well	98	537	0
706.4952	3448.4133	75.7702	Tunnel_Well	98	538	0
707.0477	3448.3969	74.5855	Tunnel_Well	98	539	0
707.3861	3448.3793	73.3228	Tunnel_Well	98	540	0
707.5000	3435.3823	72.2009	Tunnel_Well	98	541	0
707.3861	3435.3642	70.8986	Tunnel_Well	98	542	0
707.0477	3435.3466	69.6360	Tunnel_Well	98	543	0
706.4952	3435.3302	68.4512	Tunnel_Well	98	544	0
705.7453	3435.3153	67.3804	Tunnel_Well	98	545	0
704.8209	3435.3024	66.4561	Tunnel_Well	98	546	0
703.7500	3435.2920	65.7063	Tunnel_Well	98	547	0
702.5652	3435.2844	65.1539	Tunnel_Well	98	548	0
701.3024	3435.2796	64.8155	Tunnel_Well	98	549	0
700.0000	3435.2781	64.7016	Tunnel_Well	98	550	0
698.6976	3435.2796	64.8155	Tunnel_Well	98	551	0
697.4348	3435.2844	65.1539	Tunnel_Well	98	552	0
696.2500	3435.2920	65.7063	Tunnel_Well	98	553	0
695.1791	3435.3024	66.4561	Tunnel_Well	98	554	0
694.2547	3435.3153	67.3804	Tunnel_Well	98	555	0
693.5048	3435.3302	68.4512	Tunnel_Well	98	556	0
692.9523	3435.3466	69.6360	Tunnel_Well	98	557	0
692.6139	3435.3642	70.8986	Tunnel_Well	98	558	0
692.5000	3435.3823	72.2009	Tunnel_Well	98	559	0
692.6139	3435.4004	73.5031	Tunnel_Well	98	560	0
692.9523	3435.4179	74.7658	Tunnel_Well	98	561	0
693.5048	3435.4344	75.9505	Tunnel_Well	98	562	0
694.2547	3435.4492	77.0213	Tunnel_Well	98	563	0
695.1791	3435.4621	77.9457	Tunnel_Well	98	564	0
696.2500	3435.4725	78.6954	Tunnel_Well	98	565	0
697.4348	3435.4802	79.2479	Tunnel_Well	98	566	0
698.6976	3435.4849	79.5862	Tunnel_Well	98	567	0
700.0000	3435.4865	79.7002	Tunnel_Well	98	568	0
701.3024	3435.4849	79.5862	Tunnel_Well	98	569	0
702.5652	3435.4802	79.2479	Tunnel_Well	98	570	0
703.7500	3435.4725	78.6954	Tunnel_Well	98	571	0
704.8209	3435.4621	77.9457	Tunnel_Well	98	572	0
705.7453	3435.4492	77.0213	Tunnel_Well	98	573	0
706.4952	3435.4344	75.9505	Tunnel_Well	98	574	0
707.0477	3435.4179	74.7658	Tunnel_Well	98	575	0
707.3861	3435.4004	73.5031	Tunnel_Well	98	576	0
