x	y	z	Name	Id	Vertex Index	PType
707.5000	3674.3483	37.1116	Tunnel_Well	100	1	0
707.3861	3675.6502	37.0758	Tunnel_Well	100	2	0
707.0477	3676.9125	37.0412	Tunnel_Well	100	3	0
706.4952	3678.0969	37.0087	Tunnel_Well	100	4	0
705.7453	3679.1674	36.9793	Tunnel_Well	100	5	0
704.8209	3680.0915	36.9539	Tunnel_Well	100	6	0
703.7500	3680.8410	36.9333	Tunnel_Well	100	7	0
702.5652	3681.3933	36.9182	Tunnel_Well	100	8	0
701.3024	3681.7316	36.9089	Tunnel_Well	100	9	0
700.0000	3681.8455	36.9058	Tunnel_Well	100	10	0
698.6976	3681.7316	36.9089	Tunnel_Well	100	11	0
697.4348	3681.3933	36.9182	Tunnel_Well	100	12	0
696.2500	3680.8410	36.9333	Tunnel_Well	100	13	0
695.1791	3680.0915	36.9539	Tunnel_Well	100	14	0
694.2547	3679.1674	36.9793	Tunnel_Well	100	15	0
693.5048	3678.0969	37.0087	Tunnel_Well	100	16	0
692.9523	3676.9125	37.0412	Tunnel_Well	100	17	0
692.6139	3675.6502	37.0758	Tunnel_Well	100	18	0
692.5000	3674.3483	37.1116	Tunnel_Well	100	19	0
692.6139	3673.0464	37.1473	Tunnel_Well	100	20	0
692.9523	3671.7841	37.1819	Tunnel_Well	100	21	0
693.5048	3670.5997	37.2145	Tunnel_Well	100	22	0
694.2547	3669.5292	37.2438	Tunnel_Well	100	23	0
695.1791	3668.6051	37.2692	Tunnel_Well	100	24	0
696.2500	3667.8555	37.2898	Tunnel_Well	100	25	0
697.4348	3667.3032	37.3049	Tunnel_Well	100	26	0
698.6976	3666.9650	37.3142	Tunnel_Well	100	27	0
700.0000	3666.8511	37.3173	Tunnel_Well	100	28	0
701.3024	3666.9650	37.3142	Tunnel_Well	100	29	0
702.5652	3667.3032	37.3049	Tunnel_Well	100	30	0
703.7500	3667.8555	37.2898	Tunnel_Well	100	31	0
704.8209	3668.6051	37.2692	Tunnel_Well	100	32	0
705.7453	3669.5292	37.2438	Tunnel_Well	100	33	0
706.4952	3670.5997	37.2145	Tunnel_Well	100	34	0
707.0477	3671.7841	37.1819	Tunnel_Well	100	35	0
707.3861	3673.0464	37.1473	Tunnel_Well	100	36	0
707.5000	3673.5251	7.1229	Tunnel_Well	100	37	0
707.3861	3674.8270	7.0871	Tunnel_Well	100	38	0
707.0477	3676.0893	7.0525	Tunnel_Well	100	39	0
706.4952	3677.2737	7.0200	Tunnel_Well	100	40	0
705.7453	3678.3442	6.9906	Tunnel_Well	100	41	0
704.8209	3679.2683	6.9652	Tunnel_Well	100	42	0
703.7500	3680.0179	6.9446	Tunnel_Well	100	43	0
702.5652	3680.5702	6.9295	Tunnel_Well	100	44	0
701.3024	3680.9084	6.9202	Tunnel_Well	100	45	0
700.0000	3681.0223	6.9171	Tunnel_Well	100	46	0
698.6976	3680.9084	6.9202	Tunnel_Well	100	47	0
697.4348	3680.5702	6.9295	Tunnel_Well	100	48	0
696.2500	3680.0179	6.9446	Tunnel_Well	100	49	0
695.1791	3679.2683	6.9652	Tunnel_Well	100	50	0
694.2547	3678.3442	6.9906	Tunnel_Well	100	51	0
693.5048	3677.2737	7.0200	Tunnel_Well	100	52	0
692.9523	3676.0893	7.0525	Tunnel_Well	100	53	0
692.6139	3674.8270	7.0871	Tunnel_Well	100	54	0
692.5000	3673.5251	7.1229	Tunnel_Well	100	55	0
692.6139	3672.2233	7.1586	Tunnel_Well	100	56	0
692.9523	3670.9609	7.1932	Tunnel_Well	100	57	0
693.5048	3669.7765	7.2257	Tunnel_Well	100	58	0
694.2547	3668.7060	7.2551	Tunnel_Well	100	59	0
695.1791	3667.7820	7.2805	Tunnel_Well	100	60	0
696.2500	3667.0324	7.3011	Tunnel_Well	100	61	0
697.4348	3666.4801	7.3162	Tunnel_Well	100	62	0
698.6976	3666.1419	7.3255	Tunnel_Well	100	63	0
700.0000	3666.0280	7.3286	Tunnel_Well	100	64	0
701.3024	3666.1419	7.3255	Tunnel_Well	100	65	0
702.5652	3666.4801	7.3162	Tunnel_Well	100	66	0
703.7500	3667.0324	7.3011	Tunnel_Well	100	67	0
704.8209	3667.7820	7.2805	Tunnel_Well	100	68	0
705.7453	3668.7060	7.2551	Tunnel_Well	100	69	0
706.4952	3669.7765	7.2257	Tunnel_Well	100	70	0
707.0477	3670.9609	7.1932	Tunnel_Well	100	71	0
707.3861	3672.2233	7.1586	Tunnel_Well	100	72	0
707.5000	3672.7020	-22.8659	Tunnel_Well	100	73	0
707.3861	3674.0038	-22.9016	Tunnel_Well	100	74	0
707.0477	3675.2662	-22.9362	Tunnel_Well	100	75	0
706.4952	3676.4506	-22.9687	Tunnel_Well	100	76	0
705.7453	3677.5211	-22.9981	Tunnel_Well	100	77	0
704.8209	3678.4451	-23.0235	Tunnel_Well	100	78	0
703.7500	3679.1947	-23.0441	Tunnel_Well	100	79	0
702.5652	3679.7470	-23.0592	Tunnel_Well	100	80	0
701.3024	3680.0852	-23.0685	Tunnel_Well	100	81	0
700.0000	3680.1991	-23.0716	Tunnel_Well	100	82	0
698.6976	3680.0852	-23.0685	Tunnel_Well	100	83	0
697.4348	3679.7470	-23.0592	Tunnel_Well	100	84	0
696.2500	3679.1947	-23.0441	Tunnel_Well	100	85	0
695.1791	3678.4451	-23.0235	Tunnel_Well	100	86	0
694.2547	3677.5211	-22.9981	Tunnel_Well	100	87	0
693.5048	3676.4506	-22.9687	Tunnel_Well	100	88	0
692.9523	3675.2662	-22.9362	Tunnel_Well	100	89	0
692.6139	3674.0038	-22.9016	Tunnel_Well	100	90	0
692.5000	3672.7020	-22.8659	Tunnel_Well	100	91	0
692.6139	3671.4001	-22.8301	Tunnel_Well	100	92	0
692.9523	3670.1378	-22.7955	Tunnel_Well	100	93	0
693.5048	3668.9534	-22.7630	Tunnel_Well	100	94	0
694.2547	3667.8829	-22.7336	Tunnel_Well	100	95	0
695.1791	3666.9588	-22.7082	Tunnel_Well	100	96	0
696.2500	3666.2092	-22.6876	Tunnel_Well	100	97	0
697.4348	3665.6569	-22.6725	Tunnel_Well	100	98	0
698.6976	3665.3187	-22.6632	Tunnel_Well	100	99	0
700.0000	3665.2048	-22.6601	Tunnel_Well	100	100	0
701.3024	3665.3187	-22.6632	Tunnel_Well	100	101	0
702.5652	3665.6569	-22.6725	Tunnel_Well	100	102	0
703.7500	3666.2092	-22.6876	Tunnel_Well	100	103	0
704.8209	3666.9588	-22.7082	Tunnel_Well	100	104	0
705.7453	3667.8829	-22.7336	Tunnel_Well	100	105	0
706.4952	3668.9534	-22.7630	Tunnel_Well	100	106	0
707.0477	3670.1378	-22.7955	Tunnel_Well	100	107	0
707.3861	3671.4001	-22.8301	Tunnel_Well	100	108	0
707.5000	3671.8788	-52.8546	Tunnel_Well	100	109	0
707.3861	3673.1807	-52.8903	Tunnel_Well	100	110	0
707.0477	3674.4430	-52.9249	Tunnel_Well	100	111	0
706.4952	3675.6274	-52.9575	Tunnel_Well	100	112	0
705.7453	3676.6979	-52.9868	Tunnel_Well	100	113	0
704.8209	3677.6220	-53.0122	Tunnel_Well	100	114	0
703.7500	3678.3716	-53.0328	Tunnel_Well	100	115	0
702.5652	3678.9239	-53.0479	Tunnel_Well	100	116	0
701.3024	3679.2621	-53.0572	Tunnel_Well	100	117	0
700.0000	3679.3760	-53.0603	Tunnel_Well	100	118	0
698.6976	3679.2621	-53.0572	Tunnel_Well	100	119	0
697.4348	3678.9239	-53.0479	Tunnel_Well	100	120	0
696.2500	3678.3716	-53.0328	Tunnel_Well	100	121	0
695.1791	3677.6220	-53.0122	Tunnel_Well	100	122	0
694.2547	3676.6979	-52.9868	Tunnel_Well	100	123	0
693.5048	3675.6274	-52.9575	Tunnel_Well	100	124	0
692.9523	3674.4430	-52.9249	Tunnel_Well	100	125	0
692.6139	3673.1807	-52.8903	Tunnel_Well	100	126	0
692.5000	3671.8788	-52.8546	Tunnel_Well	100	127	0
692.6139	3670.5769	-52.8188	Tunnel_Well	100	128	0
692.9523	3669.3146	-52.7842	Tunnel_Well	100	129	0
693.5048	3668.1302	-52.7517	Tunnel_Well	100	130	0
694.2547	3667.0597	-52.7223	Tunnel_Well	100	131	0
695.1791	3666.1356	-52.6969	Tunnel_Well	100	132	0
696.2500	3665.3861	-52.6763	Tunnel_Well	100	133	0
697.4348	3664.8338	-52.6612	Tunnel_Well	100	134	0
698.6976	3664.4955	-52.6519	Tunnel_Well	100	135	0
700.0000	3664.3816	-52.6488	Tunnel_Well	100	136	0
701.3024	3664.4955	-52.6519	Tunnel_Well	100	137	0
702.5652	3664.8338	-52.6612	Tunnel_Well	100	138	0
703.7500	3665.3861	-52.6763	Tunnel_Well	100	139	0
704.8209	3666.1356	-52.6969	Tunnel_Well	100	140	0
705.7453	3667.0597	-52.7223	Tunnel_Well	100	141	0
706.4952	3668.1302	-52.7517	Tunnel_Well	100	142	0
707.0477	3669.3146	-52.7842	Tunnel_Well	100	143	0
707.3861	3670.5769	-52.8188	Tunnel_Well	100	144	0
707.5000	3671.3487	-72.1666	Tunnel_Well	100	145	0
707.3861	3672.6506	-72.2024	Tunnel_Well	100	146	0
707.0477	3673.9129	-72.2370	Tunnel_Well	100	147	0
706.4952	3675.0973	-72.2695	Tunnel_Well	100	148	0
705.7453	3676.1678	-72.2989	Tunnel_Well	100	149	0
704.8209	3677.0919	-72.3243	Tunnel_Well	100	150	0
703.7500	3677.8415	-72.3448	Tunnel_Well	100	151	0
702.5652	3678.3938	-72.3600	Tunnel_Well	100	152	0
701.3024	3678.7320	-72.3693	Tunnel_Well	100	153	0
700.0000	3678.8459	-72.3724	Tunnel_Well	100	154	0
698.6976	3678.7320	-72.3693	Tunnel_Well	100	155	0
697.4348	3678.3938	-72.3600	Tunnel_Well	100	156	0
696.2500	3677.8415	-72.3448	Tunnel_Well	100	157	0
695.1791	3677.0919	-72.3243	Tunnel_Well	100	158	0
694.2547	3676.1678	-72.2989	Tunnel_Well	100	159	0
693.5048	3675.0973	-72.2695	Tunnel_Well	100	160	0
692.9523	3673.9129	-72.2370	Tunnel_Well	100	161	0
692.6139	3672.6506	-72.2024	Tunnel_Well	100	162	0
692.5000	3671.3487	-72.1666	Tunnel_Well	100	163	0
692.6139	3670.0468	-72.1309	Tunnel_Well	100	164	0
692.9523	3668.7845	-72.0962	Tunnel_Well	100	165	0
693.5048	3667.6001	-72.0637	Tunnel_Well	100	166	0
694.2547	3666.5296	-72.0343	Tunnel_Well	100	167	0
695.1791	3665.6055	-72.0090	Tunnel_Well	100	168	0
696.2500	3664.8560	-71.9884	Tunnel_Well	100	169	0
697.4348	3664.3037	-71.9732	Tunnel_Well	100	170	0
698.6976	3663.9654	-71.9640	Tunnel_Well	100	171	0
700.0000	3663.8515	-71.9608	Tunnel_Well	100	172	0
701.3024	3663.9654	-71.9640	Tunnel_Well	100	173	0
702.5652	3664.3037	-71.9732	Tunnel_Well	100	174	0
703.7500	3664.8560	-71.9884	Tunnel_Well	100	175	0
704.8209	3665.6055	-72.0090	Tunnel_Well	100	176	0
705.7453	3666.5296	-72.0343	Tunnel_Well	100	177	0
706.4952	3667.6001	-72.0637	Tunnel_Well	100	178	0
707.0477	3668.7845	-72.0962	Tunnel_Well	100	179	0
707.3861	3670.0468	-72.1309	Tunnel_Well	100	180	0
