x	y	z	Name	Id	Vertex Index	PType
692.5000	3403.1642	23.8390	Tunnel_Well	106	1	0
692.6139	3403.1362	22.5370	Tunnel_Well	106	2	0
692.9523	3403.1090	21.2745	Tunnel_Well	106	3	0
693.5048	3403.0836	20.0899	Tunnel_Well	106	4	0
694.2547	3403.0606	19.0192	Tunnel_Well	106	5	0
695.1791	3403.0407	18.0950	Tunnel_Well	106	6	0
696.2500	3403.0246	17.3453	Tunnel_Well	106	7	0
697.4348	3403.0127	16.7930	Tunnel_Well	106	8	0
698.6976	3403.0054	16.4547	Tunnel_Well	106	9	0
700.0000	3403.0030	16.3408	Tunnel_Well	106	10	0
701.3024	3403.0054	16.4547	Tunnel_Well	106	11	0
702.5652	3403.0127	16.7930	Tunnel_Well	106	12	0
703.7500	3403.0246	17.3453	Tunnel_Well	106	13	0
704.8209	3403.0407	18.0950	Tunnel_Well	106	14	0
705.7453	3403.0606	19.0192	Tunnel_Well	106	15	0
706.4952	3403.0836	20.0899	Tunnel_Well	106	16	0
707.0477	3403.1090	21.2745	Tunnel_Well	106	17	0
707.3861	3403.1362	22.5370	Tunnel_Well	106	18	0
707.5000	3403.1642	23.8390	Tunnel_Well	106	19	0
707.3861	3403.1922	25.1411	Tunnel_Well	106	20	0
707.0477	3403.2193	26.4036	Tunnel_Well	106	21	0
706.4952	3403.2448	27.5882	Tunnel_Well	106	22	0
705.7453	3403.2678	28.6588	Tunnel_Well	106	23	0
704.8209	3403.2877	29.5830	Tunnel_Well	106	24	0
703.7500	3403.3038	30.3327	Tunnel_Well	106	25	0
702.5652	3403.3156	30.8851	Tunnel_Well	106	26	0
701.3024	3403.3229	31.2234	Tunnel_Well	106	27	0
700.0000	3403.3254	31.3373	Tunnel_Well	106	28	0
698.6976	3403.3229	31.2234	Tunnel_Well	106	29	0
697.4348	3403.3156	30.8851	Tunnel_Well	106	30	0
696.2500	3403.3038	30.3327	Tunnel_Well	106	31	0
695.1791	3403.2877	29.5830	Tunnel_Well	106	32	0
694.2547	3403.2678	28.6588	Tunnel_Well	106	33	0
693.5048	3403.2448	27.5882	Tunnel_Well	106	34	0
692.9523	3403.2193	26.4036	Tunnel_Well	106	35	0
692.6139	3403.1922	25.1411	Tunnel_Well	106	36	0
692.5000	3433.1572	23.1943	Tunnel_Well	106	37	0
692.6139	3433.1293	21.8922	Tunnel_Well	106	38	0
692.9523	3433.1021	20.6297	Tunnel_Well	106	39	0
693.5048	3433.0766	19.4451	Tunnel_Well	106	40	0
694.2547	3433.0536	18.3745	Tunnel_Well	106	41	0
695.1791	3433.0338	17.4502	Tunnel_Well	106	42	0
696.2500	3433.0176	16.7006	Tunnel_Well	106	43	0
697.4348	3433.0058	16.1482	Tunnel_Well	106	44	0
698.6976	3432.9985	15.8099	Tunnel_Well	106	45	0
700.0000	3432.9961	15.6960	Tunnel_Well	106	46	0
701.3024	3432.9985	15.8099	Tunnel_Well	106	47	0
702.5652	3433.0058	16.1482	Tunnel_Well	106	48	0
703.7500	3433.0176	16.7006	Tunnel_Well	106	49	0
704.8209	3433.0338	17.4502	Tunnel_Well	106	50	0
705.7453	3433.0536	18.3745	Tunnel_Well	106	51	0
706.4952	3433.0766	19.4451	Tunnel_Well	106	52	0
707.0477	3433.1021	20.6297	Tunnel_Well	106	53	0
707.3861	3433.1293	21.8922	Tunnel_Well	106	54	0
707.5000	3433.1572	23.1943	Tunnel_Well	106	55	0
707.3861	3433.1852	24.4963	Tunnel_Well	106	56	0
707.0477	3433.2124	25.7588	Tunnel_Well	106	57	0
706.4952	3433.2378	26.9434	Tunnel_Well	106	58	0
705.7453	3433.2609	28.0140	Tunnel_Well	106	59	0
704.8209	3433.2807	28.9383	Tunnel_Well	106	60	0
703.7500	3433.2968	29.6879	Tunnel_Well	106	61	0
702.5652	3433.3087	30.2403	Tunnel_Well	106	62	0
701.3024	3433.3160	30.5786	Tunnel_Well	106	63	0
700.0000	3433.3184	30.6925	Tunnel_Well	106	64	0
698.6976	3433.3160	30.5786	Tunnel_Well	106	65	0
697.4348	3433.3087	30.2403	Tunnel_Well	106	66	0
696.2500	3433.2968	29.6879	Tunnel_Well	106	67	0
695.1791	3433.2807	28.9383	Tunnel_Well	106	68	0
694.2547	3433.2609	28.0140	Tunnel_Well	106	69	0
693.5048	3433.2378	26.9434	Tunnel_Well	106	70	0
692.9523	3433.2124	25.7588	Tunnel_Well	106	71	0
692.6139	3433.1852	24.4963	Tunnel_Well	106	72	0
692.5000	3463.1503	22.5495	Tunnel_Well	106	73	0
692.6139	3463.1223	21.2474	Tunnel_Well	106	74	0
692.9523	3463.0952	19.9849	Tunnel_Well	106	75	0
693.5048	3463.0697	18.8003	Tunnel_Well	106	76	0
694.2547	3463.0467	17.7297	Tunnel_Well	106	77	0
695.1791	3463.0268	16.8055	Tunnel_Well	106	78	0
696.2500	3463.0107	16.0558	Tunnel_Well	106	79	0
697.4348	3462.9988	15.5034	Tunnel_Well	106	80	0
698.6976	3462.9916	15.1651	Tunnel_Well	106	81	0
700.0000	3462.9891	15.0512	Tunnel_Well	106	82	0
701.3024	3462.9916	15.1651	Tunnel_Well	106	83	0
702.5652	3462.9988	15.5034	Tunnel_Well	106	84	0
703.7500	3463.0107	16.0558	Tunnel_Well	106	85	0
704.8209	3463.0268	16.8055	Tunnel_Well	106	86	0
705.7453	3463.0467	17.7297	Tunnel_Well	106	87	0
706.4952	3463.0697	18.8003	Tunnel_Well	106	88	0
707.0477	3463.0952	19.9849	Tunnel_Well	106	89	0
707.3861	3463.1223	21.2474	Tunnel_Well	106	90	0
707.5000	3463.1503	22.5495	Tunnel_Well	106	91	0
707.3861	3463.1783	23.8515	Tunnel_Well	106	92	0
707.0477	3463.2054	25.1140	Tunnel_Well	106	93	0
706.4952	3463.2309	26.2986	Tunnel_Well	106	94	0
705.7453	3463.2539	27.3693	Tunnel_Well	106	95	0
704.8209	3463.2738	28.2935	Tunnel_Well	106	96	0
703.7500	3463.2899	29.0432	Tunnel_Well	106	97	0
702.5652	3463.3018	29.5956	Tunnel_Well	106	98	0
701.3024	3463.3091	29.9338	Tunnel_Well	106	99	0
700.0000	3463.3115	30.0478	Tunnel_Well	106	100	0
698.6976	3463.3091	29.9338	Tunnel_Well	106	101	0
697.4348	3463.3018	29.5956	Tunnel_Well	106	102	0
696.2500	3463.2899	29.0432	Tunnel_Well	106	103	0
695.1791	3463.2738	28.2935	Tunnel_Well	106	104	0
694.2547	3463.2539	27.3693	Tunnel_Well	106	105	0
693.5048	3463.2309	26.2986	Tunnel_Well	106	106	0
692.9523	3463.2054	25.1140	Tunnel_Well	106	107	0
692.6139	3463.1783	23.8515	Tunnel_Well	106	108	0
692.5000	3493.1434	21.9047	Tunnel_Well	106	109	0
692.6139	3493.1154	20.6027	Tunnel_Well	106	110	0
692.9523	3493.0883	19.3402	Tunnel_Well	106	111	0
693.5048	3493.0628	18.1556	Tunnel_Well	106	112	0
694.2547	3493.0398	17.0849	Tunnel_Well	106	113	0
695.1791	3493.0199	16.1607	Tunnel_Well	106	114	0
696.2500	3493.0038	15.4110	Tunnel_Well	106	115	0
697.4348	3492.9919	14.8586	Tunnel_Well	106	116	0
698.6976	3492.9846	14.5204	Tunnel_Well	106	117	0
700.0000	3492.9822	14.4064	Tunnel_Well	106	118	0
701.3024	3492.9846	14.5204	Tunnel_Well	106	119	0
702.5652	3492.9919	14.8586	Tunnel_Well	106	120	0
703.7500	3493.0038	15.4110	Tunnel_Well	106	121	0
704.8209	3493.0199	16.1607	Tunnel_Well	106	122	0
705.7453	3493.0398	17.0849	Tunnel_Well	106	123	0
706.4952	3493.0628	18.1556	Tunnel_Well	106	124	0
707.0477	3493.0883	19.3402	Tunnel_Well	106	125	0
707.3861	3493.1154	20.6027	Tunnel_Well	106	126	0
707.5000	3493.1434	21.9047	Tunnel_Well	106	127	0
707.3861	3493.1714	23.2068	Tunnel_Well	106	128	0
707.0477	3493.1985	24.4693	Tunnel_Well	106	129	0
706.4952	3493.2240	25.6538	Tunnel_Well	106	130	0
705.7453	3493.2470	26.7245	Tunnel_Well	106	131	0
704.8209	3493.2669	27.6487	Tunnel_Well	106	132	0
703.7500	3493.2830	28.3984	Tunnel_Well	106	133	0
702.5652	3493.2949	28.9508	Tunnel_Well	106	134	0
701.3024	3493.3021	29.2891	Tunnel_Well	106	135	0
700.0000	3493.3046	29.4030	Tunnel_Well	106	136	0
698.6976	3493.3021	29.2891	Tunnel_Well	106	137	0
697.4348	3493.2949	28.9508	Tunnel_Well	106	138	0
696.2500	3493.2830	28.3984	Tunnel_Well	106	139	0
695.1791	3493.2669	27.6487	Tunnel_Well	106	140	0
694.2547	3493.2470	26.7245	Tunnel_Well	106	141	0
693.5048	3493.2240	25.6538	Tunnel_Well	106	142	0
692.9523	3493.1985	24.4693	Tunnel_Well	106	143	0
692.6139	3493.1714	23.2068	Tunnel_Well	106	144	0
692.5000	3523.1365	21.2599	Tunnel_Well	106	145	0
692.6139	3523.1085	19.9579	Tunnel_Well	106	146	0
692.9523	3523.0813	18.6954	Tunnel_Well	106	147	0
693.5048	3523.0559	17.5108	Tunnel_Well	106	148	0
694.2547	3523.0328	16.4402	Tunnel_Well	106	149	0
695.1791	3523.0130	15.5159	Tunnel_Well	106	150	0
696.2500	3522.9969	14.7663	Tunnel_Well	106	151	0
697.4348	3522.9850	14.2139	Tunnel_Well	106	152	0
698.6976	3522.9777	13.8756	Tunnel_Well	106	153	0
700.0000	3522.9753	13.7617	Tunnel_Well	106	154	0
701.3024	3522.9777	13.8756	Tunnel_Well	106	155	0
702.5652	3522.9850	14.2139	Tunnel_Well	106	156	0
703.7500	3522.9969	14.7663	Tunnel_Well	106	157	0
704.8209	3523.0130	15.5159	Tunnel_Well	106	158	0
705.7453	3523.0328	16.4402	Tunnel_Well	106	159	0
706.4952	3523.0559	17.5108	Tunnel_Well	106	160	0
707.0477	3523.0813	18.6954	Tunnel_Well	106	161	0
707.3861	3523.1085	19.9579	Tunnel_Well	106	162	0
707.5000	3523.1365	21.2599	Tunnel_Well	106	163	0
707.3861	3523.1644	22.5620	Tunnel_Well	106	164	0
707.0477	3523.1916	23.8245	Tunnel_Well	106	165	0
706.4952	3523.2171	25.0091	Tunnel_Well	106	166	0
705.7453	3523.2401	26.0797	Tunnel_Well	106	167	0
704.8209	3523.2599	27.0040	Tunnel_Well	106	168	0
703.7500	3523.2761	27.7536	Tunnel_Well	106	169	0
702.5652	3523.2879	28.3060	Tunnel_Well	106	170	0
701.3024	3523.2952	28.6443	Tunnel_Well	106	171	0
700.0000	3523.2976	28.7582	Tunnel_Well	106	172	0
698.6976	3523.2952	28.6443	Tunnel_Well	106	173	0
697.4348	3523.2879	28.3060	Tunnel_Well	106	174	0
696.2500	3523.2761	27.7536	Tunnel_Well	106	175	0
695.1791	3523.2599	27.0040	Tunnel_Well	106	176	0
694.2547	3523.2401	26.0797	Tunnel_Well	106	177	0
693.5048	3523.2171	25.0091	Tunnel_Well	106	178	0
692.9523	3523.1916	23.8245	Tunnel_Well	106	179	0
692.6139	3523.1644	22.5620	Tunnel_Well	106	180	0
692.5000	3553.1295	20.6152	Tunnel_Well	106	181	0
692.6139	3553.1015	19.3131	Tunnel_Well	106	182	0
692.9523	3553.0744	18.0506	Tunnel_Well	106	183	0
693.5048	3553.0489	16.8660	Tunnel_Well	106	184	0
694.2547	3553.0259	15.7954	Tunnel_Well	106	185	0
695.1791	3553.0060	14.8712	Tunnel_Well	106	186	0
696.2500	3552.9899	14.1215	Tunnel_Well	106	187	0
697.4348	3552.9781	13.5691	Tunnel_Well	106	188	0
698.6976	3552.9708	13.2308	Tunnel_Well	106	189	0
700.0000	3552.9683	13.1169	Tunnel_Well	106	190	0
701.3024	3552.9708	13.2308	Tunnel_Well	106	191	0
702.5652	3552.9781	13.5691	Tunnel_Well	106	192	0
703.7500	3552.9899	14.1215	Tunnel_Well	106	193	0
704.8209	3553.0060	14.8712	Tunnel_Well	106	194	0
705.7453	3553.0259	15.7954	Tunnel_Well	106	195	0
706.4952	3553.0489	16.8660	Tunnel_Well	106	196	0
707.0477	3553.0744	18.0506	Tunnel_Well	106	197	0
707.3861	3553.1015	19.3131	Tunnel_Well	106	198	0
707.5000	3553.1295	20.6152	Tunnel_Well	106	199	0
707.3861	3553.1575	21.9172	Tunnel_Well	106	200	0
707.0477	3553.1847	23.1797	Tunnel_Well	106	201	0
706.4952	3553.2101	24.3643	Tunnel_Well	106	202	0
705.7453	3553.2331	25.4350	Tunnel_Well	106	203	0
704.8209	3553.2530	26.3592	Tunnel_Well	106	204	0
703.7500	3553.2691	27.1089	Tunnel_Well	106	205	0
702.5652	3553.2810	27.6612	Tunnel_Well	106	206	0
701.3024	3553.2883	27.9995	Tunnel_Well	106	207	0
700.0000	3553.2907	28.1134	Tunnel_Well	106	208	0
698.6976	3553.2883	27.9995	Tunnel_Well	106	209	0
697.4348	3553.2810	27.6612	Tunnel_Well	106	210	0
696.2500	3553.2691	27.1089	Tunnel_Well	106	211	0
695.1791	3553.2530	26.3592	Tunnel_Well	106	212	0
694.2547	3553.2331	25.4350	Tunnel_Well	106	213	0
693.5048	3553.2101	24.3643	Tunnel_Well	106	214	0
692.9523	3553.1847	23.1797	Tunnel_Well	106	215	0
692.6139	3553.1575	21.9172	Tunnel_Well	106	216	0
692.5000	3583.1226	19.9704	Tunnel_Well	106	217	0
692.6139	3583.0946	18.6684	Tunnel_Well	106	218	0
692.9523	3583.0675	17.4059	Tunnel_Well	106	219	0
693.5048	3583.0420	16.2213	Tunnel_Well	106	220	0
694.2547	3583.0190	15.1506	Tunnel_Well	106	221	0
695.1791	3582.9991	14.2264	Tunnel_Well	106	222	0
696.2500	3582.9830	13.4767	Tunnel_Well	106	223	0
697.4348	3582.9711	12.9243	Tunnel_Well	106	224	0
698.6976	3582.9639	12.5861	Tunnel_Well	106	225	0
700.0000	3582.9614	12.4721	Tunnel_Well	106	226	0
701.3024	3582.9639	12.5861	Tunnel_Well	106	227	0
702.5652	3582.9711	12.9243	Tunnel_Well	106	228	0
703.7500	3582.9830	13.4767	Tunnel_Well	106	229	0
704.8209	3582.9991	14.2264	Tunnel_Well	106	230	0
705.7453	3583.0190	15.1506	Tunnel_Well	106	231	0
706.4952	3583.0420	16.2213	Tunnel_Well	106	232	0
707.0477	3583.0675	17.4059	Tunnel_Well	106	233	0
707.3861	3583.0946	18.6684	Tunnel_Well	106	234	0
707.5000	3583.1226	19.9704	Tunnel_Well	106	235	0
707.3861	3583.1506	21.2725	Tunnel_Well	106	236	0
707.0477	3583.1777	22.5350	Tunnel_Well	106	237	0
706.4952	3583.2032	23.7195	Tunnel_Well	106	238	0
705.7453	3583.2262	24.7902	Tunnel_Well	106	239	0
704.8209	3583.2461	25.7144	Tunnel_Well	106	240	0
703.7500	3583.2622	26.4641	Tunnel_Well	106	241	0
702.5652	3583.2741	27.0165	Tunnel_Well	106	242	0
701.3024	3583.2813	27.3548	Tunnel_Well	106	243	0
700.0000	3583.2838	27.4687	Tunnel_Well	106	244	0
698.6976	3583.2813	27.3548	Tunnel_Well	106	245	0
697.4348	3583.2741	27.0165	Tunnel_Well	106	246	0
696.2500	3583.2622	26.4641	Tunnel_Well	106	247	0
695.1791	3583.2461	25.7144	Tunnel_Well	106	248	0
694.2547	3583.2262	24.7902	Tunnel_Well	106	249	0
693.5048	3583.2032	23.7195	Tunnel_Well	106	250	0
692.9523	3583.1777	22.5350	Tunnel_Well	106	251	0
692.6139	3583.1506	21.2725	Tunnel_Well	106	252	0
692.5000	3613.1157	19.3256	Tunnel_Well	106	253	0
692.6139	3613.0877	18.0236	Tunnel_Well	106	254	0
692.9523	3613.0605	16.7611	Tunnel_Well	106	255	0
693.5048	3613.0351	15.5765	Tunnel_Well	106	256	0
694.2547	3613.0121	14.5059	Tunnel_Well	106	257	0
695.1791	3612.9922	13.5816	Tunnel_Well	106	258	0
696.2500	3612.9761	12.8320	Tunnel_Well	106	259	0
697.4348	3612.9642	12.2796	Tunnel_Well	106	260	0
698.6976	3612.9569	11.9413	Tunnel_Well	106	261	0
700.0000	3612.9545	11.8274	Tunnel_Well	106	262	0
701.3024	3612.9569	11.9413	Tunnel_Well	106	263	0
702.5652	3612.9642	12.2796	Tunnel_Well	106	264	0
703.7500	3612.9761	12.8320	Tunnel_Well	106	265	0
704.8209	3612.9922	13.5816	Tunnel_Well	106	266	0
705.7453	3613.0121	14.5059	Tunnel_Well	106	267	0
706.4952	3613.0351	15.5765	Tunnel_Well	106	268	0
707.0477	3613.0605	16.7611	Tunnel_Well	106	269	0
707.3861	3613.0877	18.0236	Tunnel_Well	106	270	0
707.5000	3613.1157	19.3256	Tunnel_Well	106	271	0
707.3861	3613.1437	20.6277	Tunnel_Well	106	272	0
707.0477	3613.1708	21.8902	Tunnel_Well	106	273	0
706.4952	3613.1963	23.0748	Tunnel_Well	106	274	0
705.7453	3613.2193	24.1454	Tunnel_Well	106	275	0
704.8209	3613.2391	25.0697	Tunnel_Well	106	276	0
703.7500	3613.2553	25.8193	Tunnel_Well	106	277	0
702.5652	3613.2671	26.3717	Tunnel_Well	106	278	0
701.3024	3613.2744	26.7100	Tunnel_Well	106	279	0
700.0000	3613.2769	26.8239	Tunnel_Well	106	280	0
698.6976	3613.2744	26.7100	Tunnel_Well	106	281	0
697.4348	3613.2671	26.3717	Tunnel_Well	106	282	0
696.2500	3613.2553	25.8193	Tunnel_Well	106	283	0
695.1791	3613.2391	25.0697	Tunnel_Well	106	284	0
694.2547	3613.2193	24.1454	Tunnel_Well	106	285	0
693.5048	3613.1963	23.0748	Tunnel_Well	106	286	0
692.9523	3613.1708	21.8902	Tunnel_Well	106	287	0
692.6139	3613.1437	20.6277	Tunnel_Well	106	288	0
692.5000	3643.1087	18.6809	Tunnel_Well	106	289	0
692.6139	3643.0807	17.3788	Tunnel_Well	106	290	0
692.9523	3643.0536	16.1163	Tunnel_Well	106	291	0
693.5048	3643.0281	14.9317	Tunnel_Well	106	292	0
694.2547	3643.0051	13.8611	Tunnel_Well	106	293	0
695.1791	3642.9853	12.9369	Tunnel_Well	106	294	0
696.2500	3642.9691	12.1872	Tunnel_Well	106	295	0
697.4348	3642.9573	11.6348	Tunnel_Well	106	296	0
698.6976	3642.9500	11.2965	Tunnel_Well	106	297	0
700.0000	3642.9475	11.1826	Tunnel_Well	106	298	0
701.3024	3642.9500	11.2965	Tunnel_Well	106	299	0
702.5652	3642.9573	11.6348	Tunnel_Well	106	300	0
703.7500	3642.9691	12.1872	Tunnel_Well	106	301	0
704.8209	3642.9853	12.9369	Tunnel_Well	106	302	0
705.7453	3643.0051	13.8611	Tunnel_Well	106	303	0
706.4952	3643.0281	14.9317	Tunnel_Well	106	304	0
707.0477	3643.0536	16.1163	Tunnel_Well	106	305	0
707.3861	3643.0807	17.3788	Tunnel_Well	106	306	0
707.5000	3643.1087	18.6809	Tunnel_Well	106	307	0
707.3861	3643.1367	19.9829	Tunnel_Well	106	308	0
707.0477	3643.1639	21.2454	Tunnel_Well	106	309	0
706.4952	3643.1893	22.4300	Tunnel_Well	106	310	0
705.7453	3643.2124	23.5007	Tunnel_Well	106	311	0
704.8209	3643.2322	24.4249	Tunnel_Well	106	312	0
703.7500	3643.2483	25.1746	Tunnel_Well	106	313	0
702.5652	3643.2602	25.7269	Tunnel_Well	106	314	0
701.3024	3643.2675	26.0652	Tunnel_Well	106	315	0
700.0000	3643.2699	26.1791	Tunnel_Well	106	316	0
698.6976	3643.2675	26.0652	Tunnel_Well	106	317	0
697.4348	3643.2602	25.7269	Tunnel_Well	106	318	0
696.2500	3643.2483	25.1746	Tunnel_Well	106	319	0
695.1791	3643.2322	24.4249	Tunnel_Well	106	320	0
694.2547	3643.2124	23.5007	Tunnel_Well	106	321	0
693.5048	3643.1893	22.4300	Tunnel_Well	106	322	0
692.9523	3643.1639	21.2454	Tunnel_Well	106	323	0
692.6139	3643.1367	19.9829	Tunnel_Well	106	324	0
692.5000	3673.1018	18.0361	Tunnel_Well	106	325	0
692.6139	3673.0738	16.7340	Tunnel_Well	106	326	0
692.9523	3673.0467	15.4716	Tunnel_Well	106	327	0
693.5048	3673.0212	14.2870	Tunnel_Well	106	328	0
694.2547	3672.9982	13.2163	Tunnel_Well	106	329	0
695.1791	3672.9783	12.2921	Tunnel_Well	106	330	0
696.2500	3672.9622	11.5424	Tunnel_Well	106	331	0
697.4348	3672.9503	10.9900	Tunnel_Well	106	332	0
698.6976	3672.9431	10.6518	Tunnel_Well	106	333	0
700.0000	3672.9406	10.5378	Tunnel_Well	106	334	0
701.3024	3672.9431	10.6518	Tunnel_Well	106	335	0
702.5652	3672.9503	10.9900	Tunnel_Well	106	336	0
703.7500	3672.9622	11.5424	Tunnel_Well	106	337	0
704.8209	3672.9783	12.2921	Tunnel_Well	106	338	0
705.7453	3672.9982	13.2163	Tunnel_Well	106	339	0
706.4952	3673.0212	14.2870	Tunnel_Well	106	340	0
707.0477	3673.0467	15.4716	Tunnel_Well	106	341	0
707.3861	3673.0738	16.7340	Tunnel_Well	106	342	0
707.5000	3673.1018	18.0361	Tunnel_Well	106	343	0
707.3861	3673.1298	19.3382	Tunnel_Well	106	344	0
707.0477	3673.1569	20.6007	Tunnel_Well	106	345	0
706.4952	3673.1824	21.7852	Tunnel_Well	106	346	0
705.7453	3673.2054	22.8559	Tunnel_Well	106	347	0
704.8209	3673.2253	23.7801	Tunnel_Well	106	348	0
703.7500	3673.2414	24.5298	Tunnel_Well	106	349	0
702.5652	3673.2533	25.0822	Tunnel_Well	106	350	0
701.3024	3673.2606	25.4205	Tunnel_Well	106	351	0
700.0000	3673.2630	25.5344	Tunnel_Well	106	352	0
698.6976	3673.2606	25.4205	Tunnel_Well	106	353	0
697.4348	3673.2533	25.0822	Tunnel_Well	106	354	0
696.2500	3673.2414	24.5298	Tunnel_Well	106	355	0
695.1791	3673.2253	23.7801	Tunnel_Well	106	356	0
694.2547	3673.2054	22.8559	Tunnel_Well	106	357	0
693.5048	3673.1824	21.7852	Tunnel_Well	106	358	0
692.9523	3673.1569	20.6007	Tunnel_Well	106	359	0
692.6139	3673.1298	19.3382	Tunnel_Well	106	360	0
692.5000	3703.0949	17.3913	Tunnel_Well	106	361	0
692.6139	3703.0669	16.0893	Tunnel_Well	106	362	0
692.9523	3703.0397	14.8268	Tunnel_Well	106	363	0
693.5048	3703.0143	13.6422	Tunnel_Well	106	364	0
694.2547	3702.9913	12.5715	Tunnel_Well	106	365	0
695.1791	3702.9714	11.6473	Tunnel_Well	106	366	0
696.2500	3702.9553	10.8977	Tunnel_Well	106	367	0
697.4348	3702.9434	10.3453	Tunnel_Well	106	368	0
698.6976	3702.9361	10.0070	Tunnel_Well	106	369	0
700.0000	3702.9337	9.8931	Tunnel_Well	106	370	0
701.3024	3702.9361	10.0070	Tunnel_Well	106	371	0
702.5652	3702.9434	10.3453	Tunnel_Well	106	372	0
703.7500	3702.9553	10.8977	Tunnel_Well	106	373	0
704.8209	3702.9714	11.6473	Tunnel_Well	106	374	0
705.7453	3702.9913	12.5715	Tunnel_Well	106	375	0
706.4952	3703.0143	13.6422	Tunnel_Well	106	376	0
707.0477	3703.0397	14.8268	Tunnel_Well	106	377	0
707.3861	3703.0669	16.0893	Tunnel_Well	106	378	0
707.5000	3703.0949	17.3913	Tunnel_Well	106	379	0
707.3861	3703.1229	18.6934	Tunnel_Well	106	380	0
707.0477	3703.1500	19.9559	Tunnel_Well	106	381	0
706.4952	3703.1755	21.1405	Tunnel_Well	106	382	0
705.7453	3703.1985	22.2111	Tunnel_Well	106	383	0
704.8209	3703.2184	23.1353	Tunnel_Well	106	384	0
703.7500	3703.2345	23.8850	Tunnel_Well	106	385	0
702.5652	3703.2464	24.4374	Tunnel_Well	106	386	0
701.3024	3703.2536	24.7757	Tunnel_Well	106	387	0
700.0000	3703.2561	24.8896	Tunnel_Well	106	388	0
698.6976	3703.2536	24.7757	Tunnel_Well	106	389	0
697.4348	3703.2464	24.4374	Tunnel_Well	106	390	0
696.2500	3703.2345	23.8850	Tunnel_Well	106	391	0
695.1791	3703.2184	23.1353	Tunnel_Well	106	392	0
694.2547	3703.1985	22.2111	Tunnel_Well	106	393	0
693.5048	3703.1755	21.1405	Tunnel_Well	106	394	0
692.9523	3703.1500	19.9559	Tunnel_Well	106	395	0
692.6139	3703.1229	18.6934	Tunnel_Well	106	396	0
692.5000	3733.0879	16.7466	Tunnel_Well	106	397	0
692.6139	3733.0600	15.4445	Tunnel_Well	106	398	0
692.9523	3733.0328	14.1820	Tunnel_Well	106	399	0
693.5048	3733.0074	12.9974	Tunnel_Well	106	400	0
694.2547	3732.9843	11.9268	Tunnel_Well	106	401	0
695.1791	3732.9645	11.0026	Tunnel_Well	106	402	0
696.2500	3732.9484	10.2529	Tunnel_Well	106	403	0
697.4348	3732.9365	9.7005	Tunnel_Well	106	404	0
698.6976	3732.9292	9.3622	Tunnel_Well	106	405	0
700.0000	3732.9268	9.2483	Tunnel_Well	106	406	0
701.3024	3732.9292	9.3622	Tunnel_Well	106	407	0
702.5652	3732.9365	9.7005	Tunnel_Well	106	408	0
703.7500	3732.9484	10.2529	Tunnel_Well	106	409	0
704.8209	3732.9645	11.0026	Tunnel_Well	106	410	0
705.7453	3732.9843	11.9268	Tunnel_Well	106	411	0
706.4952	3733.0074	12.9974	Tunnel_Well	106	412	0
707.0477	3733.0328	14.1820	Tunnel_Well	106	413	0
707.3861	3733.0600	15.4445	Tunnel_Well	106	414	0
707.5000	3733.0879	16.7466	Tunnel_Well	106	415	0
707.3861	3733.1159	18.0486	Tunnel_Well	106	416	0
707.0477	3733.1431	19.3111	Tunnel_Well	106	417	0
706.4952	3733.1685	20.4957	Tunnel_Well	106	418	0
705.7453	3733.1916	21.5664	Tunnel_Well	106	419	0
704.8209	3733.2114	22.4906	Tunnel_Well	106	420	0
703.7500	3733.2275	23.2403	Tunnel_Well	106	421	0
702.5652	3733.2394	23.7926	Tunnel_Well	106	422	0
701.3024	3733.2467	24.1309	Tunnel_Well	106	423	0
700.0000	3733.2491	24.2448	Tunnel_Well	106	424	0
698.6976	3733.2467	24.1309	Tunnel_Well	106	425	0
697.4348	3733.2394	23.7926	Tunnel_Well	106	426	0
696.2500	3733.2275	23.2403	Tunnel_Well	106	427	0
695.1791	3733.2114	22.4906	Tunnel_Well	106	428	0
694.2547	3733.1916	21.5664	Tunnel_Well	106	429	0
693.5048	3733.1685	20.4957	Tunnel_Well	106	430	0
692.9523	3733.1431	19.3111	Tunnel_Well	106	431	0
692.6139	3733.1159	18.0486	Tunnel_Well	106	432	0
692.5000	3763.0810	16.1018	Tunnel_Well	106	433	0
692.6139	3763.0530	14.7997	Tunnel_Well	106	434	0
692.9523	3763.0259	13.5372	Tunnel_Well	106	435	0
693.5048	3763.0004	12.3527	Tunnel_Well	106	436	0
694.2547	3762.9774	11.2820	Tunnel_Well	106	437	0
695.1791	3762.9575	10.3578	Tunnel_Well	106	438	0
696.2500	3762.9414	9.6081	Tunnel_Well	106	439	0
697.4348	3762.9295	9.0557	Tunnel_Well	106	440	0
698.6976	3762.9223	8.7175	Tunnel_Well	106	441	0
700.0000	3762.9198	8.6035	Tunnel_Well	106	442	0
701.3024	3762.9223	8.7175	Tunnel_Well	106	443	0
702.5652	3762.9295	9.0557	Tunnel_Well	106	444	0
703.7500	3762.9414	9.6081	Tunnel_Well	106	445	0
704.8209	3762.9575	10.3578	Tunnel_Well	106	446	0
705.7453	3762.9774	11.2820	Tunnel_Well	106	447	0
706.4952	3763.0004	12.3527	Tunnel_Well	106	448	0
707.0477	3763.0259	13.5372	Tunnel_Well	106	449	0
707.3861	3763.0530	14.7997	Tunnel_Well	106	450	0
707.5000	3763.0810	16.1018	Tunnel_Well	106	451	0
707.3861	3763.1090	17.4039	Tunnel_Well	106	452	0
707.0477	3763.1362	18.6664	Tunnel_Well	106	453	0
706.4952	3763.1616	19.8509	Tunnel_Well	106	454	0
705.7453	3763.1846	20.9216	Tunnel_Well	106	455	0
704.8209	3763.2045	21.8458	Tunnel_Well	106	456	0
703.7500	3763.2206	22.5955	Tunnel_Well	106	457	0
702.5652	3763.2325	23.1479	Tunnel_Well	106	458	0
701.3024	3763.2398	23.4862	Tunnel_Well	106	459	0
700.0000	3763.2422	23.6001	Tunnel_Well	106	460	0
698.6976	3763.2398	23.4862	Tunnel_Well	106	461	0
697.4348	3763.2325	23.1479	Tunnel_Well	106	462	0
696.2500	3763.2206	22.5955	Tunnel_Well	106	463	0
695.1791	3763.2045	21.8458	Tunnel_Well	106	464	0
694.2547	3763.1846	20.9216	Tunnel_Well	106	465	0
693.5048	3763.1616	19.8509	Tunnel_Well	106	466	0
692.9523	3763.1362	18.6664	Tunnel_Well	106	467	0
692.6139	3763.1090	17.4039	Tunnel_Well	106	468	0
692.5000	3793.0741	15.4570	Tunnel_Well	106	469	0
692.6139	3793.0461	14.1550	Tunnel_Well	106	470	0
692.9523	3793.0190	12.8925	Tunnel_Well	106	471	0
693.5048	3792.9935	11.7079	Tunnel_Well	106	472	0
694.2547	3792.9705	10.6372	Tunnel_Well	106	473	0
695.1791	3792.9506	9.7130	Tunnel_Well	106	474	0
696.2500	3792.9345	8.9633	Tunnel_Well	106	475	0
697.4348	3792.9226	8.4110	Tunnel_Well	106	476	0
698.6976	3792.9153	8.0727	Tunnel_Well	106	477	0
700.0000	3792.9129	7.9588	Tunnel_Well	106	478	0
701.3024	3792.9153	8.0727	Tunnel_Well	106	479	0
702.5652	3792.9226	8.4110	Tunnel_Well	106	480	0
703.7500	3792.9345	8.9633	Tunnel_Well	106	481	0
704.8209	3792.9506	9.7130	Tunnel_Well	106	482	0
705.7453	3792.9705	10.6372	Tunnel_Well	106	483	0
706.4952	3792.9935	11.7079	Tunnel_Well	106	484	0
707.0477	3793.0190	12.8925	Tunnel_Well	106	485	0
707.3861	3793.0461	14.1550	Tunnel_Well	106	486	0
707.5000	3793.0741	15.4570	Tunnel_Well	106	487	0
707.3861	3793.1021	16.7591	Tunnel_Well	106	488	0
707.0477	3793.1292	18.0216	Tunnel_Well	106	489	0
706.4952	3793.1547	19.2062	Tunnel_Well	106	490	0
705.7453	3793.1777	20.2768	Tunnel_Well	106	491	0
704.8209	3793.1976	21.2010	Tunnel_Well	106	492	0
703.7500	3793.2137	21.9507	Tunnel_Well	106	493	0
702.5652	3793.2256	22.5031	Tunnel_Well	106	494	0
701.3024	3793.2328	22.8414	Tunnel_Well	106	495	0
700.0000	3793.2353	22.9553	Tunnel_Well	106	496	0
698.6976	3793.2328	22.8414	Tunnel_Well	106	497	0
697.4348	3793.2256	22.5031	Tunnel_Well	106	498	0
696.2500	3793.2137	21.9507	Tunnel_Well	106	499	0
695.1791	3793.1976	21.2010	Tunnel_Well	106	500	0
694.2547	3793.1777	20.2768	Tunnel_Well	106	501	0
693.5048	3793.1547	19.2062	Tunnel_Well	106	502	0
692.9523	3793.1292	18.0216	Tunnel_Well	106	503	0
692.6139	3793.1021	16.7591	Tunnel_Well	106	504	0
692.5000	3823.0672	14.8123	Tunnel_Well	106	505	0
692.6139	3823.0392	13.5102	Tunnel_Well	106	506	0
692.9523	3823.0120	12.2477	Tunnel_Well	106	507	0
693.5048	3822.9866	11.0631	Tunnel_Well	106	508	0
694.2547	3822.9635	9.9925	Tunnel_Well	106	509	0
695.1791	3822.9437	9.0683	Tunnel_Well	106	510	0
696.2500	3822.9276	8.3186	Tunnel_Well	106	511	0
697.4348	3822.9157	7.7662	Tunnel_Well	106	512	0
698.6976	3822.9084	7.4279	Tunnel_Well	106	513	0
700.0000	3822.9060	7.3140	Tunnel_Well	106	514	0
701.3024	3822.9084	7.4279	Tunnel_Well	106	515	0
702.5652	3822.9157	7.7662	Tunnel_Well	106	516	0
703.7500	3822.9276	8.3186	Tunnel_Well	106	517	0
704.8209	3822.9437	9.0683	Tunnel_Well	106	518	0
705.7453	3822.9635	9.9925	Tunnel_Well	106	519	0
706.4952	3822.9866	11.0631	Tunnel_Well	106	520	0
707.0477	3823.0120	12.2477	Tunnel_Well	106	521	0
707.3861	3823.0392	13.5102	Tunnel_Well	106	522	0
707.5000	3823.0672	14.8123	Tunnel_Well	106	523	0
707.3861	3823.0952	16.1143	Tunnel_Well	106	524	0
707.0477	3823.1223	17.3768	Tunnel_Well	106	525	0
706.4952	3823.1478	18.5614	Tunnel_Well	106	526	0
705.7453	3823.1708	19.6321	Tunnel_Well	106	527	0
704.8209	3823.1906	20.5563	Tunnel_Well	106	528	0
703.7500	3823.2068	21.3060	Tunnel_Well	106	529	0
702.5652	3823.2186	21.8583	Tunnel_Well	106	530	0
701.3024	3823.2259	22.1966	Tunnel_Well	106	531	0
700.0000	3823.2284	22.3105	Tunnel_Well	106	532	0
698.6976	3823.2259	22.1966	Tunnel_Well	106	533	0
697.4348	3823.2186	21.8583	Tunnel_Well	106	534	0
696.2500	3823.2068	21.3060	Tunnel_Well	106	535	0
695.1791	3823.1906	20.5563	Tunnel_Well	106	536	0
694.2547	3823.1708	19.6321	Tunnel_Well	106	537	0
693.5048	3823.1478	18.5614	Tunnel_Well	106	538	0
692.9523	3823.1223	17.3768	Tunnel_Well	106	539	0
692.6139	3823.0952	16.1143	Tunnel_Well	106	540	0
692.5000	3853.0602	14.1675	Tunnel_Well	106	541	0
692.6139	3853.0322	12.8654	Tunnel_Well	106	542	0
692.9523	3853.0051	11.6029	Tunnel_Well	106	543	0
693.5048	3852.9796	10.4184	Tunnel_Well	106	544	0
694.2547	3852.9566	9.3477	Tunnel_Well	106	545	0
695.1791	3852.9368	8.4235	Tunnel_Well	106	546	0
696.2500	3852.9206	7.6738	Tunnel_Well	106	547	0
697.4348	3852.9088	7.1214	Tunnel_Well	106	548	0
698.6976	3852.9015	6.7832	Tunnel_Well	106	549	0
700.0000	3852.8990	6.6692	Tunnel_Well	106	550	0
701.3024	3852.9015	6.7832	Tunnel_Well	106	551	0
702.5652	3852.9088	7.1214	Tunnel_Well	106	552	0
703.7500	3852.9206	7.6738	Tunnel_Well	106	553	0
704.8209	3852.9368	8.4235	Tunnel_Well	106	554	0
705.7453	3852.9566	9.3477	Tunnel_Well	106	555	0
706.4952	3852.9796	10.4184	Tunnel_Well	106	556	0
707.0477	3853.0051	11.6029	Tunnel_Well	106	557	0
707.3861	3853.0322	12.8654	Tunnel_Well	106	558	0
707.5000	3853.0602	14.1675	Tunnel_Well	106	559	0
707.3861	3853.0882	15.4696	Tunnel_Well	106	560	0
707.0477	3853.1154	16.7321	Tunnel_Well	106	561	0
706.4952	3853.1408	17.9166	Tunnel_Well	106	562	0
705.7453	3853.1638	18.9873	Tunnel_Well	106	563	0
704.8209	3853.1837	19.9115	Tunnel_Well	106	564	0
703.7500	3853.1998	20.6612	Tunnel_Well	106	565	0
702.5652	3853.2117	21.2136	Tunnel_Well	106	566	0
701.3024	3853.2190	21.5519	Tunnel_Well	106	567	0
700.0000	3853.2214	21.6658	Tunnel_Well	106	568	0
698.6976	3853.2190	21.5519	Tunnel_Well	106	569	0
697.4348	3853.2117	21.2136	Tunnel_Well	106	570	0
696.2500	3853.1998	20.6612	Tunnel_Well	106	571	0
695.1791	3853.1837	19.9115	Tunnel_Well	106	572	0
694.2547	3853.1638	18.9873	Tunnel_Well	106	573	0
693.5048	3853.1408	17.9166	Tunnel_Well	106	574	0
692.9523	3853.1154	16.7321	Tunnel_Well	106	575	0
692.6139	3853.0882	15.4696	Tunnel_Well	106	576	0
692.5000	3883.0533	13.5227	Tunnel_Well	106	577	0
692.6139	3883.0253	12.2207	Tunnel_Well	106	578	0
692.9523	3882.9982	10.9582	Tunnel_Well	106	579	0
693.5048	3882.9727	9.7736	Tunnel_Well	106	580	0
694.2547	3882.9497	8.7029	Tunnel_Well	106	581	0
695.1791	3882.9298	7.7787	Tunnel_Well	106	582	0
696.2500	3882.9137	7.0290	Tunnel_Well	106	583	0
697.4348	3882.9018	6.4767	Tunnel_Well	106	584	0
698.6976	3882.8946	6.1384	Tunnel_Well	106	585	0
700.0000	3882.8921	6.0245	Tunnel_Well	106	586	0
701.3024	3882.8946	6.1384	Tunnel_Well	106	587	0
702.5652	3882.9018	6.4767	Tunnel_Well	106	588	0
703.7500	3882.9137	7.0290	Tunnel_Well	106	589	0
704.8209	3882.9298	7.7787	Tunnel_Well	106	590	0
705.7453	3882.9497	8.7029	Tunnel_Well	106	591	0
706.4952	3882.9727	9.7736	Tunnel_Well	106	592	0
707.0477	3882.9982	10.9582	Tunnel_Well	106	593	0
707.3861	3883.0253	12.2207	Tunnel_Well	106	594	0
707.5000	3883.0533	13.5227	Tunnel_Well	106	595	0
707.3861	3883.0813	14.8248	Tunnel_Well	106	596	0
707.0477	3883.1084	16.0873	Tunnel_Well	106	597	0
706.4952	3883.1339	17.2719	Tunnel_Well	106	598	0
705.7453	3883.1569	18.3425	Tunnel_Well	106	599	0
704.8209	3883.1768	19.2667	Tunnel_Well	106	600	0
703.7500	3883.1929	20.0164	Tunnel_Well	106	601	0
702.5652	3883.2048	20.5688	Tunnel_Well	106	602	0
701.3024	3883.2120	20.9071	Tunnel_Well	106	603	0
700.0000	3883.2145	21.0210	Tunnel_Well	106	604	0
698.6976	3883.2120	20.9071	Tunnel_Well	106	605	0
697.4348	3883.2048	20.5688	Tunnel_Well	106	606	0
696.2500	3883.1929	20.0164	Tunnel_Well	106	607	0
695.1791	3883.1768	19.2667	Tunnel_Well	106	608	0
694.2547	3883.1569	18.3425	Tunnel_Well	106	609	0
693.5048	3883.1339	17.2719	Tunnel_Well	106	610	0
692.9523	3883.1084	16.0873	Tunnel_Well	106	611	0
692.6139	3883.0813	14.8248	Tunnel_Well	106	612	0
692.5000	3913.0464	12.8780	Tunnel_Well	106	613	0
692.6139	3913.0184	11.5759	Tunnel_Well	106	614	0
692.9523	3912.9912	10.3134	Tunnel_Well	106	615	0
693.5048	3912.9658	9.1288	Tunnel_Well	106	616	0
694.2547	3912.9428	8.0582	Tunnel_Well	106	617	0
695.1791	3912.9229	7.1340	Tunnel_Well	106	618	0
696.2500	3912.9068	6.3843	Tunnel_Well	106	619	0
697.4348	3912.8949	5.8319	Tunnel_Well	106	620	0
698.6976	3912.8876	5.4936	Tunnel_Well	106	621	0
700.0000	3912.8852	5.3797	Tunnel_Well	106	622	0
701.3024	3912.8876	5.4936	Tunnel_Well	106	623	0
702.5652	3912.8949	5.8319	Tunnel_Well	106	624	0
703.7500	3912.9068	6.3843	Tunnel_Well	106	625	0
704.8209	3912.9229	7.1340	Tunnel_Well	106	626	0
705.7453	3912.9428	8.0582	Tunnel_Well	106	627	0
706.4952	3912.9658	9.1288	Tunnel_Well	106	628	0
707.0477	3912.9912	10.3134	Tunnel_Well	106	629	0
707.3861	3913.0184	11.5759	Tunnel_Well	106	630	0
707.5000	3913.0464	12.8780	Tunnel_Well	106	631	0
707.3861	3913.0744	14.1800	Tunnel_Well	106	632	0
707.0477	3913.1015	15.4425	Tunnel_Well	106	633	0
706.4952	3913.1270	16.6271	Tunnel_Well	106	634	0
705.7453	3913.1500	17.6978	Tunnel_Well	106	635	0
704.8209	3913.1699	18.6220	Tunnel_Well	106	636	0
703.7500	3913.1860	19.3717	Tunnel_Well	106	637	0
702.5652	3913.1978	19.9240	Tunnel_Well	106	638	0
701.3024	3913.2051	20.2623	Tunnel_Well	106	639	0
700.0000	3913.2076	20.3762	Tunnel_Well	106	640	0
698.6976	3913.2051	20.2623	Tunnel_Well	106	641	0
697.4348	3913.1978	19.9240	Tunnel_Well	106	642	0
696.2500	3913.1860	19.3717	Tunnel_Well	106	643	0
695.1791	3913.1699	18.6220	Tunnel_Well	106	644	0
694.2547	3913.1500	17.6978	Tunnel_Well	106	645	0
693.5048	3913.1270	16.6271	Tunnel_Well	106	646	0
692.9523	3913.1015	15.4425	Tunnel_Well	106	647	0
692.6139	3913.0744	14.1800	Tunnel_Well	106	648	0
692.5000	3943.0394	12.2332	Tunnel_Well	106	649	0
692.6139	3943.0115	10.9311	Tunnel_Well	106	650	0
692.9523	3942.9843	9.6686	Tunnel_Well	106	651	0
693.5048	3942.9588	8.4841	Tunnel_Well	106	652	0
694.2547	3942.9358	7.4134	Tunnel_Well	106	653	0
695.1791	3942.9160	6.4892	Tunnel_Well	106	654	0
696.2500	3942.8998	5.7395	Tunnel_Well	106	655	0
697.4348	3942.8880	5.1871	Tunnel_Well	106	656	0
698.6976	3942.8807	4.8488	Tunnel_Well	106	657	0
700.0000	3942.8783	4.7349	Tunnel_Well	106	658	0
701.3024	3942.8807	4.8488	Tunnel_Well	106	659	0
702.5652	3942.8880	5.1871	Tunnel_Well	106	660	0
703.7500	3942.8998	5.7395	Tunnel_Well	106	661	0
704.8209	3942.9160	6.4892	Tunnel_Well	106	662	0
705.7453	3942.9358	7.4134	Tunnel_Well	106	663	0
706.4952	3942.9588	8.4841	Tunnel_Well	106	664	0
707.0477	3942.9843	9.6686	Tunnel_Well	106	665	0
707.3861	3943.0115	10.9311	Tunnel_Well	106	666	0
707.5000	3943.0394	12.2332	Tunnel_Well	106	667	0
707.3861	3943.0674	13.5353	Tunnel_Well	106	668	0
707.0477	3943.0946	14.7978	Tunnel_Well	106	669	0
706.4952	3943.1200	15.9823	Tunnel_Well	106	670	0
705.7453	3943.1431	17.0530	Tunnel_Well	106	671	0
704.8209	3943.1629	17.9772	Tunnel_Well	106	672	0
703.7500	3943.1790	18.7269	Tunnel_Well	106	673	0
702.5652	3943.1909	19.2793	Tunnel_Well	106	674	0
701.3024	3943.1982	19.6176	Tunnel_Well	106	675	0
700.0000	3943.2006	19.7315	Tunnel_Well	106	676	0
698.6976	3943.1982	19.6176	Tunnel_Well	106	677	0
697.4348	3943.1909	19.2793	Tunnel_Well	106	678	0
696.2500	3943.1790	18.7269	Tunnel_Well	106	679	0
695.1791	3943.1629	17.9772	Tunnel_Well	106	680	0
694.2547	3943.1431	17.0530	Tunnel_Well	106	681	0
693.5048	3943.1200	15.9823	Tunnel_Well	106	682	0
692.9523	3943.0946	14.7978	Tunnel_Well	106	683	0
692.6139	3943.0674	13.5353	Tunnel_Well	106	684	0
692.5000	3973.0325	11.5884	Tunnel_Well	106	685	0
692.6139	3973.0045	10.2864	Tunnel_Well	106	686	0
692.9523	3972.9774	9.0239	Tunnel_Well	106	687	0
693.5048	3972.9519	7.8393	Tunnel_Well	106	688	0
694.2547	3972.9289	6.7686	Tunnel_Well	106	689	0
695.1791	3972.9090	5.8444	Tunnel_Well	106	690	0
696.2500	3972.8929	5.0947	Tunnel_Well	106	691	0
697.4348	3972.8810	4.5424	Tunnel_Well	106	692	0
698.6976	3972.8738	4.2041	Tunnel_Well	106	693	0
700.0000	3972.8713	4.0902	Tunnel_Well	106	694	0
701.3024	3972.8738	4.2041	Tunnel_Well	106	695	0
702.5652	3972.8810	4.5424	Tunnel_Well	106	696	0
703.7500	3972.8929	5.0947	Tunnel_Well	106	697	0
704.8209	3972.9090	5.8444	Tunnel_Well	106	698	0
705.7453	3972.9289	6.7686	Tunnel_Well	106	699	0
706.4952	3972.9519	7.8393	Tunnel_Well	106	700	0
707.0477	3972.9774	9.0239	Tunnel_Well	106	701	0
707.3861	3973.0045	10.2864	Tunnel_Well	106	702	0
707.5000	3973.0325	11.5884	Tunnel_Well	106	703	0
707.3861	3973.0605	12.8905	Tunnel_Well	106	704	0
707.0477	3973.0876	14.1530	Tunnel_Well	106	705	0
706.4952	3973.1131	15.3376	Tunnel_Well	106	706	0
705.7453	3973.1361	16.4082	Tunnel_Well	106	707	0
704.8209	3973.1560	17.3324	Tunnel_Well	106	708	0
703.7500	3973.1721	18.0821	Tunnel_Well	106	709	0
702.5652	3973.1840	18.6345	Tunnel_Well	106	710	0
701.3024	3973.1913	18.9728	Tunnel_Well	106	711	0
700.0000	3973.1937	19.0867	Tunnel_Well	106	712	0
698.6976	3973.1913	18.9728	Tunnel_Well	106	713	0
697.4348	3973.1840	18.6345	Tunnel_Well	106	714	0
696.2500	3973.1721	18.0821	Tunnel_Well	106	715	0
695.1791	3973.1560	17.3324	Tunnel_Well	106	716	0
694.2547	3973.1361	16.4082	Tunnel_Well	106	717	0
693.5048	3973.1131	15.3376	Tunnel_Well	106	718	0
692.9523	3973.0876	14.1530	Tunnel_Well	106	719	0
692.6139	3973.0605	12.8905	Tunnel_Well	106	720	0
692.5000	4000.0000	11.0087	Tunnel_Well	106	721	0
692.6139	3999.9720	9.7066	Tunnel_Well	106	722	0
692.9523	3999.9449	8.4441	Tunnel_Well	106	723	0
693.5048	3999.9194	7.2596	Tunnel_Well	106	724	0
694.2547	3999.8964	6.1889	Tunnel_Well	106	725	0
695.1791	3999.8765	5.2647	Tunnel_Well	106	726	0
696.2500	3999.8604	4.5150	Tunnel_Well	106	727	0
697.4348	3999.8485	3.9626	Tunnel_Well	106	728	0
698.6976	3999.8413	3.6244	Tunnel_Well	106	729	0
700.0000	3999.8388	3.5104	Tunnel_Well	106	730	0
701.3024	3999.8413	3.6244	Tunnel_Well	106	731	0
702.5652	3999.8485	3.9626	Tunnel_Well	106	732	0
703.7500	3999.8604	4.5150	Tunnel_Well	106	733	0
704.8209	3999.8765	5.2647	Tunnel_Well	106	734	0
705.7453	3999.8964	6.1889	Tunnel_Well	106	735	0
706.4952	3999.9194	7.2596	Tunnel_Well	106	736	0
707.0477	3999.9449	8.4441	Tunnel_Well	106	737	0
707.3861	3999.9720	9.7066	Tunnel_Well	106	738	0
707.5000	4000.0000	11.0087	Tunnel_Well	106	739	0
707.3861	4000.0280	12.3108	Tunnel_Well	106	740	0
707.0477	4000.0551	13.5733	Tunnel_Well	106	741	0
706.4952	4000.0806	14.7578	Tunnel_Well	106	742	0
705.7453	4000.1036	15.8285	Tunnel_Well	106	743	0
704.8209	4000.1235	16.7527	Tunnel_Well	106	744	0
703.7500	4000.1396	17.5024	Tunnel_Well	106	745	0
702.5652	4000.1515	18.0548	Tunnel_Well	106	746	0
701.3024	4000.1587	18.3931	Tunnel_Well	106	747	0
700.0000	4000.1612	18.5070	Tunnel_Well	106	748	0
698.6976	4000.1587	18.3931	Tunnel_Well	106	749	0
697.4348	4000.1515	18.0548	Tunnel_Well	106	750	0
696.2500	4000.1396	17.5024	Tunnel_Well	106	751	0
695.1791	4000.1235	16.7527	Tunnel_Well	106	752	0
694.2547	4000.1036	15.8285	Tunnel_Well	106	753	0
693.5048	4000.0806	14.7578	Tunnel_Well	106	754	0
692.9523	4000.0551	13.5733	Tunnel_Well	106	755	0
692.6139	4000.0280	12.3108	Tunnel_Well	106	756	0
